356
1.63101e+01 1.39972e+13 1.000000000000000e+00 9.825342263482917e+24 
1.64493e+05 1.15077e+21 1.640659348801348e+16 9.909113369061888e+28 
4.13321e+05 5.26499e+21 3.100834722453276e+16 2.489837045295549e+29 
2.60763e+06 9.75309e+22 9.865413628408600e+16 1.570753787780519e+30 
8.24753e+06 5.25802e+23 1.821988181778237e+17 4.967739699266039e+30 
6.55286e+07 1.00580e+25 4.858950724095270e+17 3.946049063184615e+31 
1.30779e+08 2.60353e+25 6.526988975778600e+17 7.874271490959018e+31 
2.60961e+08 6.67474e+25 8.660648959925696e+17 1.570985427964494e+32 
5.20829e+08 1.62867e+26 1.118601193849231e+18 3.134711371085194e+32 
8.25548e+08 3.02847e+26 1.328744595648165e+18 4.967862842385106e+32 
1.03927e+09 4.12823e+26 1.448058407888940e+18 6.253343791608226e+32 
1.30878e+09 5.03494e+26 1.525645472720595e+18 7.874234884481994e+32 
1.64791e+09 6.85869e+26 1.648214747139688e+18 9.913590421285655e+32 
2.61160e+09 1.27174e+27 1.926349666813843e+18 1.570737274371712e+33 
4.14116e+09 2.35559e+27 2.250918760901150e+18 2.490011085487496e+33 
6.56481e+09 4.36115e+27 2.630318836346419e+18 3.946060008621379e+33 
1.04026e+10 7.70049e+27 3.028910402959722e+18 6.250711468705259e+33 
1.64990e+10 1.42471e+28 3.520251514360567e+18 9.909830818147929e+33 
2.07854e+10 1.93763e+28 3.796686674903784e+18 1.248146966902625e+34 
2.61658e+10 2.50254e+28 4.038007518777075e+18 1.570854477281639e+34 
3.29483e+10 3.40333e+28 4.342659315144946e+18 1.977537511407290e+34 
4.14913e+10 4.62698e+28 4.672831808089178e+18 2.489599139679108e+34 
5.22519e+10 5.94789e+28 4.955427964829177e+18 3.134359196318553e+34 
6.58072e+10 8.08735e+28 5.317548590002440e+18 3.946293240238355e+34 
8.28632e+10 1.09978e+29 5.709677047466243e+18 4.967470812235351e+34 
1.04325e+11 1.49469e+29 6.132475115880245e+18 6.251838869363388e+34 
1.65488e+11 2.59657e+29 6.965688686120502e+18 9.909431594844941e+34 
1.83388e+11 2.89135e+29 7.134581076446020e+18 1.097937307805304e+35 
2.08451e+11 3.28928e+29 7.337572209595727e+18 1.247705377569529e+35 
2.62552e+11 4.47218e+29 7.837731737278950e+18 1.570879034612671e+35 
4.43554e+11 7.88839e+29 8.934991991119730e+18 2.650816592845452e+35 
5.19932e+11 8.35031e+29 9.031037696391675e+18 3.106348935312509e+35 
6.57375e+11 9.09611e+29 9.158299410580327e+18 3.925978896656117e+35 
7.92032e+11 9.82905e+29 9.259547810877338e+18 4.728896102953199e+35 
9.67467e+11 1.08278e+30 9.373193828082604e+18 5.774828159484965e+35 
1.46293e+12 1.39871e+30 9.640539289116826e+18 8.728101581262759e+35 
2.50408e+12 1.65404e+30 9.775468691935441e+18 1.493259098927304e+36 
3.74614e+12 3.25446e+30 1.020605539174114e+19 2.233383676274667e+36 
8.38411e+12 1.25990e+31 1.181294038265373e+19 4.993054069025868e+36 
1.67845e+13 2.59460e+31 1.290529086817121e+19 9.984167128666841e+36 
2.51957e+13 4.69613e+31 1.390612121395195e+19 1.497606502750834e+37 
3.36155e+13 7.25206e+31 1.477600997458915e+19 1.996793913347872e+37 
4.20431e+13 1.01813e+32 1.554984633212624e+19 2.495980417680895e+37 
5.04778e+13 1.34511e+32 1.625556298764159e+19 2.995179153900534e+37 
5.89187e+13 1.70481e+32 1.691168077887027e+19 3.494369430076856e+37 
6.73655e+13 2.09690e+32 1.753094529053593e+19 3.993553731616800e+37 
7.58181e+13 2.52174e+32 1.812248807319050e+19 4.492749583262839e+37 
8.42762e+13 2.98006e+32 1.869303272729956e+19 4.991938663776562e+37 
9.27395e+13 3.47289e+32 1.924770982691122e+19 5.491130927849910e+37 
1.01208e+14 4.00146e+32 1.978949236614441e+19 5.990330259107858e+37 
1.05281e+14 4.50663e+32 2.027637674086704e+19 6.230309019936107e+37 
1.12812e+14 5.12651e+32 2.084264277448973e+19 6.673691007034831e+37 
1.19900e+14 5.77776e+32 2.139931457525099e+19 7.090761336753378e+37 
1.78986e+14 1.47087e+33 2.725383213746933e+19 1.055589080475349e+38 
2.21957e+14 2.63342e+33 3.296663534995523e+19 1.305950323519145e+38 
2.58120e+14 4.01184e+33 3.861280645725404e+19 1.515308361822519e+38 
2.89773e+14 5.57528e+33 4.420580329565059e+19 1.697415480046540e+38 
3.18500e+14 7.30341e+33 4.975410597805909e+19 1.861662359385685e+38 
3.45145e+14 9.18207e+33 5.529810631305411e+19 2.012989597472438e+38 
4.33841e+14 1.15005e+34 6.109922668707756e+19 2.513750738601432e+38 
4.64951e+14 1.40223e+34 6.651242533685920e+19 2.688393621729339e+38 
4.93631e+14 1.67038e+34 7.191281471844302e+19 2.848368173853046e+38 
5.20287e+14 1.95324e+34 7.727757941699345e+19 2.996161045638611e+38 
5.45237e+14 2.24974e+34 8.260794634107013e+19 3.133675914468816e+38 
5.68744e+14 2.55899e+34 8.790491578734004e+19 3.262469814794161e+38 
5.91006e+14 2.88012e+34 9.316766939574264e+19 3.383732855924539e+38 
6.12201e+14 3.21254e+34 9.839792741477019e+19 3.498508520961864e+38 
6.32491e+14 3.55604e+34 1.036118162717055e+20 3.607705799866846e+38 
6.80816e+14 3.91752e+34 1.087959839283969e+20 3.866346457552842e+38 
7.21304e+14 4.30246e+34 1.139471607202413e+20 4.081840890866128e+38 
7.57312e+14 4.70779e+34 1.190796499895873e+20 4.272389879258168e+38 
7.89974e+14 5.13122e+34 1.241898678964276e+20 4.444251730619715e+38 
8.20096e+14 5.57101e+34 1.292756841315886e+20 4.601852030754210e+38 
8.48315e+14 6.02582e+34 1.343356978644609e+20 4.748661308429192e+38 
8.75101e+14 6.49468e+34 1.393693950224165e+20 4.887234442544076e+38 
9.00816e+14 6.97677e+34 1.443757466607086e+20 5.019524524385963e+38 
9.25741e+14 7.47157e+34 1.493552658929183e+20 5.147041719543780e+38 
9.50087e+14 7.97857e+34 1.543069786518694e+20 5.270908956854518e+38 
9.74031e+14 8.49739e+34 1.592306656432744e+20 5.392059044838413e+38 
9.97710e+14 9.02787e+34 1.641273067213646e+20 5.511221263294517e+38 
1.02124e+15 9.56982e+34 1.689969348712454e+20 5.628979351862949e+38 
1.04471e+15 1.01230e+35 1.738388752842034e+20 5.745818909371136e+38 
1.06820e+15 1.06874e+35 1.786532769999632e+20 5.862111804723610e+38 
1.09176e+15 1.12629e+35 1.834410933702591e+20 5.978153682413349e+38 
1.11542e+15 1.18495e+35 1.882017598285833e+20 6.094078309930073e+38 
1.13930e+15 1.24472e+35 1.929360449481958e+20 6.210451474802540e+38 
1.16346e+15 1.30560e+35 1.976439032919385e+20 6.327580039740477e+38 
1.18795e+15 1.36760e+35 2.023256701868209e+20 6.445653938546924e+38 
1.21280e+15 1.43074e+35 2.069815435747554e+20 6.564860122925243e+38 
1.23805e+15 1.49501e+35 2.116117972843493e+20 6.685357413323159e+38 
1.26373e+15 1.56044e+35 2.162167337847133e+20 6.807301990843787e+38 
1.28988e+15 1.62704e+35 2.207969796048278e+20 6.930830884091022e+38 
1.31653e+15 1.69481e+35 2.253518441598841e+20 7.056079225495445e+38 
1.34371e+15 1.76379e+35 2.298823749441690e+20 7.183187819055815e+38 
1.37145e+15 1.83398e+35 2.343886705552723e+20 7.312271183783825e+38 
1.39979e+15 1.90539e+35 2.388698079008806e+20 7.443458350503752e+38 
1.42875e+15 1.97808e+35 2.433287620666188e+20 7.576860188740921e+38 
1.45836e+15 2.05204e+35 2.477634891875658e+20 7.712618220059545e+38 
1.48866e+15 2.12731e+35 2.521757665637707e+20 7.850831446868309e+38 
1.51968e+15 2.20389e+35 2.565644491282791e+20 7.991629781666022e+38 
1.55145e+15 2.28182e+35 2.609301675419275e+20 8.135125634861237e+38 
1.58400e+15 2.36114e+35 2.652744324561642e+20 8.281444797041168e+38 
1.61737e+15 2.44186e+35 2.695959652136217e+20 8.430711867855752e+38 
1.65159e+15 2.52402e+35 2.738960114133549e+20 8.583065793710977e+38 
1.68669e+15 2.60765e+35 2.781749013750502e+20 8.738627258371331e+38 
1.72273e+15 2.69277e+35 2.824320942227554e+20 8.897538849614546e+38 
1.75973e+15 2.77943e+35 2.866686300236297e+20 9.059940806660169e+38 
1.79772e+15 2.86768e+35 2.908852905818932e+20 9.225918250820228e+38 
1.83679e+15 2.95751e+35 2.950806565541355e+20 9.395793649688629e+38 
1.87694e+15 3.04901e+35 2.992568932067329e+20 9.569585184778557e+38 
1.91826e+15 3.14217e+35 3.034124327954761e+20 9.747563755137558e+38 
1.96075e+15 3.23709e+35 3.075496681449319e+20 9.929770242543934e+38 
2.00080e+15 3.33375e+35 3.116685771874396e+20 1.010072452271643e+39 
2.03541e+15 3.43189e+35 3.157670297190230e+20 1.024779885233852e+39 
2.07050e+15 3.53148e+35 3.198480034827941e+20 1.039623571180114e+39 
2.10609e+15 3.63249e+35 3.239099670355300e+20 1.054610326478921e+39 
2.14217e+15 3.73496e+35 3.279538738178469e+20 1.069731360937431e+39 
2.17876e+15 3.83889e+35 3.319793600303341e+20 1.085000338061746e+39 
2.21585e+15 3.94431e+35 3.359872727620682e+20 1.100408554217845e+39 
2.25344e+15 4.05121e+35 3.399772484358562e+20 1.115954782870240e+39 
2.29154e+15 4.15963e+35 3.439495712963943e+20 1.131645102934831e+39 
2.33016e+15 4.26956e+35 3.479044407689268e+20 1.147478290242784e+39 
2.36932e+15 4.38103e+35 3.518421063158230e+20 1.163460329125368e+39 
2.40899e+15 4.49404e+35 3.557622282600204e+20 1.179582684458496e+39 
2.44920e+15 4.60862e+35 3.596655483105530e+20 1.195851404598424e+39 
2.48994e+15 4.72479e+35 3.635523452906235e+20 1.212265117948812e+39 
2.53122e+15 4.84254e+35 3.674222227045836e+20 1.228822670655844e+39 
2.57305e+15 4.96188e+35 3.712749178971285e+20 1.245529896161220e+39 
2.61544e+15 5.08285e+35 3.751116242367435e+20 1.262385570062458e+39 
2.65835e+15 5.20545e+35 3.789320885609472e+20 1.279381285798791e+39 
2.70186e+15 5.32971e+35 3.827364450722009e+20 1.296537010706234e+39 
2.74592e+15 5.45563e+35 3.865248556445004e+20 1.313837414253699e+39 
2.79053e+15 5.58321e+35 3.902971098327138e+20 1.331281182693017e+39 
2.83573e+15 5.71250e+35 3.940537891152712e+20 1.348881104757213e+39 
2.88151e+15 5.84348e+35 3.977946170791407e+20 1.366635839574662e+39 
2.92787e+15 5.97618e+35 4.015197663404492e+20 1.384537235119070e+39 
2.97483e+15 6.11062e+35 4.052299016143631e+20 1.402597703062974e+39 
3.02237e+15 6.24681e+35 4.089246622830304e+20 1.420802402826197e+39 
3.07052e+15 6.38476e+35 4.126042335633455e+20 1.439170510384089e+39 
3.11927e+15 6.52450e+35 4.162692093629316e+20 1.457687111165727e+39 
3.16862e+15 6.66603e+35 4.199188746665274e+20 1.476357797279260e+39 
3.21860e+15 6.80936e+35 4.235538145841967e+20 1.495188007241655e+39 
3.26918e+15 6.95452e+35 4.271741672328721e+20 1.514169774406972e+39 
3.32038e+15 7.10152e+35 4.307800784099120e+20 1.533308538504781e+39 
3.37223e+15 7.25038e+35 4.343716779390831e+20 1.552609674334921e+39 
3.42470e+15 7.40109e+35 4.379487072507599e+20 1.572065296030546e+39 
3.47781e+15 7.55370e+35 4.415116835180518e+20 1.591680761599019e+39 
3.53158e+15 7.70821e+35 4.450607166549202e+20 1.611461371801999e+39 
3.58598e+15 7.86463e+35 4.485955952946751e+20 1.631392719781107e+39 
3.64103e+15 8.02299e+35 4.521168102185277e+20 1.651486636751700e+39 
3.69677e+15 8.18329e+35 4.556240764114125e+20 1.671748404946569e+39 
3.75314e+15 8.34555e+35 4.591178911594980e+20 1.692163758628513e+39 
3.81021e+15 8.50979e+35 4.625979819648951e+20 1.712750872252299e+39 
3.86794e+15 8.67603e+35 4.660648819155477e+20 1.733495446700575e+39 
3.92634e+15 8.84427e+35 4.695182851959128e+20 1.754402815139495e+39 
3.98544e+15 9.01455e+35 4.729586634242081e+20 1.775478009835717e+39 
4.04522e+15 9.18686e+35 4.763857919880850e+20 1.796713427739745e+39 
4.10571e+15 9.36122e+35 4.797997853502538e+20 1.818120448976703e+39 
4.16690e+15 9.53766e+35 4.832010382336073e+20 1.839691516518827e+39 
4.22878e+15 9.71618e+35 4.865893030322716e+20 1.861425475991021e+39 
4.29139e+15 9.89682e+35 4.899650388923831e+20 1.883333445063131e+39 
4.35472e+15 1.00796e+36 4.933280520932136e+20 1.905407866241562e+39 
4.41875e+15 1.02645e+36 4.966786354036400e+20 1.927647700001208e+39 
4.48352e+15 1.04515e+36 5.000166839429851e+20 1.950057681106974e+39 
4.54904e+15 1.06408e+36 5.033424671792214e+20 1.972642902990070e+39 
4.61529e+15 1.08322e+36 5.066559076007063e+20 1.995395686611269e+39 
4.68228e+15 1.10258e+36 5.099569580139526e+20 2.018321201759232e+39 
4.75001e+15 1.12216e+36 5.132463841472671e+20 2.041411795046183e+39 
4.81852e+15 1.14197e+36 5.165236162140131e+20 2.064684654348173e+39 
4.88778e+15 1.16200e+36 5.197887683709342e+20 2.088126313674926e+39 
4.95781e+15 1.18226e+36 5.230421672948637e+20 2.111741595744412e+39 
5.02860e+15 1.20274e+36 5.262841762820639e+20 2.135529153338177e+39 
5.10019e+15 1.22346e+36 5.295140496127307e+20 2.159499812349199e+39 
5.17255e+15 1.24441e+36 5.327326363400768e+20 2.183640303807106e+39 
5.24570e+15 1.26560e+36 5.359397681338801e+20 2.207955313601056e+39 
5.31966e+15 1.28701e+36 5.391352363226534e+20 2.232455487741126e+39 
5.39441e+15 1.30867e+36 5.423196483707197e+20 2.257127584170635e+39 
5.46996e+15 1.33057e+36 5.454927551858250e+20 2.281976443322599e+39 
5.54634e+15 1.35270e+36 5.486546313857851e+20 2.307006635411660e+39 
5.62353e+15 1.37508e+36 5.518056235659678e+20 2.332216729946680e+39 
5.70154e+15 1.39770e+36 5.549452773972686e+20 2.357605638217228e+39 
5.78039e+15 1.42057e+36 5.580743541637820e+20 2.383177796010323e+39 
5.86005e+15 1.44369e+36 5.611922096240283e+20 2.408926289105230e+39 
5.94058e+15 1.46705e+36 5.642996268176072e+20 2.434861168478672e+39 
6.02196e+15 1.49067e+36 5.673961306231104e+20 2.460981405115697e+39 
6.10417e+15 1.51454e+36 5.704820520614661e+20 2.487279851299246e+39 
6.18726e+15 1.53866e+36 5.735574123970377e+20 2.513766729702458e+39 
6.27121e+15 1.56304e+36 5.766223060100862e+20 2.540434965669938e+39 
6.35603e+15 1.58768e+36 5.796769273497588e+20 2.567289118925836e+39 
6.44172e+15 1.61257e+36 5.827201414444466e+20 2.594327959124289e+39 
6.52830e+15 1.63774e+36 5.857545756445890e+20 2.621555715178770e+39 
6.61578e+15 1.66316e+36 5.887779183648516e+20 2.648971186630026e+39 
6.70415e+15 1.68885e+36 5.917919464662644e+20 2.676573065431871e+39 
6.79340e+15 1.71480e+36 5.947946427774587e+20 2.704360119623009e+39 
6.88359e+15 1.74104e+36 5.977895708769996e+20 2.732342110677022e+39 
6.97466e+15 1.76753e+36 6.007728798576665e+20 2.760506845375092e+39 
7.06668e+15 1.79430e+36 6.037462642292958e+20 2.788869604888851e+39 
7.15961e+15 1.82134e+36 6.067096087690648e+20 2.817418072944322e+39 
7.25348e+15 1.84867e+36 6.096645110825360e+20 2.846161941373118e+39 
7.34828e+15 1.87627e+36 6.126091018811271e+20 2.875094450429630e+39 
7.44403e+15 1.90414e+36 6.155432660066792e+20 2.904219824792288e+39 
7.54072e+15 1.93230e+36 6.184685456229089e+20 2.933536855082236e+39 
7.63838e+15 1.96075e+36 6.213847956803913e+20 2.963055031033508e+39 
7.73700e+15 1.98947e+36 6.242902651967806e+20 2.992762297646242e+39 
7.83659e+15 2.01849e+36 6.271880527554705e+20 3.022668163286687e+39 
7.93715e+15 2.04779e+36 6.300748394886090e+20 3.052765993267696e+39 
8.03870e+15 2.07739e+36 6.329536577782499e+20 3.083065209898539e+39 
8.14124e+15 2.10728e+36 6.358227958678730e+20 3.113559266787255e+39 
8.24475e+15 2.13746e+36 6.386821600203865e+20 3.144246905308427e+39 
8.34929e+15 2.16795e+36 6.415331496094503e+20 3.175137410652172e+39 
8.45483e+15 2.19873e+36 6.443756244120336e+20 3.206229471437138e+39 
8.56138e+15 2.22983e+36 6.472094574764880e+20 3.237516552093735e+39 
8.66896e+15 2.26121e+36 6.500330588811904e+20 3.269007969258521e+39 
8.77755e+15 2.29289e+36 6.528477704508055e+20 3.300697267613311e+39 
8.88718e+15 2.32489e+36 6.556549045957480e+20 3.332588294793607e+39 
8.99786e+15 2.35720e+36 6.584529403544071e+20 3.364684897553815e+39 
9.10957e+15 2.38982e+36 6.612417286382731e+20 3.396980839673368e+39 
9.22234e+15 2.42275e+36 6.640225556608253e+20 3.429479909009193e+39 
9.33617e+15 2.45599e+36 6.667939752794801e+20 3.462185908934855e+39 
9.45108e+15 2.48955e+36 6.695571498685880e+20 3.495097836046203e+39 
9.56705e+15 2.52343e+36 6.723120265066512e+20 3.528214172495693e+39 
9.68409e+15 2.55763e+36 6.750585199511212e+20 3.561533565026791e+39 
9.80222e+15 2.59215e+36 6.777964662780479e+20 3.595060066905781e+39 
9.92146e+15 2.62700e+36 6.805270108787527e+20 3.628797471857038e+39 
1.00418e+16 2.66218e+36 6.832487778593782e+20 3.662739502263397e+39 
1.01632e+16 2.69767e+36 6.859617326507183e+20 3.696889736231597e+39 
1.02858e+16 2.73351e+36 6.886669908232533e+20 3.731251940509535e+39 
1.04094e+16 2.76966e+36 6.913632368007583e+20 3.765824881110787e+39 
1.05342e+16 2.80617e+36 6.940526857797800e+20 3.800602604669510e+39 
1.06601e+16 2.84301e+36 6.967340974328187e+20 3.835598475204316e+39 
1.07872e+16 2.88017e+36 6.994062500973889e+20 3.870801226157096e+39 
1.09154e+16 2.91769e+36 7.020713403170432e+20 3.906214627326324e+39 
1.10448e+16 2.95555e+36 7.047291915094502e+20 3.941847461410456e+39 
1.11753e+16 2.99376e+36 7.073786109650696e+20 3.977688512227348e+39 
1.13070e+16 3.03230e+36 7.100195692968587e+20 4.013746123406325e+39 
1.14399e+16 3.07121e+36 7.126540733658171e+20 4.050019381057649e+39 
1.15739e+16 3.11045e+36 7.152799175344943e+20 4.086506736715266e+39 
1.17091e+16 3.15005e+36 7.178980716968195e+20 4.123211893821414e+39 
1.18456e+16 3.19002e+36 7.205094726862121e+20 4.160128833130807e+39 
1.19832e+16 3.23032e+36 7.231119818059370e+20 4.197265771065517e+39 
1.21220e+16 3.27101e+36 7.257085723867833e+20 4.234621584732268e+39 
1.22621e+16 3.31203e+36 7.282961025854990e+20 4.272199712357217e+39 
1.24034e+16 3.35344e+36 7.308774818973661e+20 4.309994280395305e+39 
1.25459e+16 3.39520e+36 7.334507038527040e+20 4.348003636114482e+39 
1.26896e+16 3.43732e+36 7.360165736034148e+20 4.386241283158527e+39 
1.28346e+16 3.47984e+36 7.385760059399925e+20 4.424696257497739e+39 
1.29809e+16 3.52270e+36 7.411270464529936e+20 4.463371767619804e+39 
1.31284e+16 3.56595e+36 7.436714297173715e+20 4.502271733993568e+39 
1.32771e+16 3.60959e+36 7.462090982825795e+20 4.541394657628776e+39 
1.34272e+16 3.65359e+36 7.487390643152412e+20 4.580743817686836e+39 
1.35785e+16 3.69798e+36 7.512621007443350e+20 4.620313641568378e+39 
1.37311e+16 3.74273e+36 7.537773279084180e+20 4.660107015776420e+39 
1.38850e+16 3.78789e+36 7.562863295864692e+20 4.700128011295958e+39 
1.40402e+16 3.83343e+36 7.587882252066698e+20 4.740379439624475e+39 
1.41967e+16 3.87935e+36 7.612829335033196e+20 4.780850839356536e+39 
1.43546e+16 3.92568e+36 7.637711469984175e+20 4.821555280384919e+39 
1.45137e+16 3.97239e+36 7.662520479810847e+20 4.862481659744375e+39 
1.46742e+16 4.01950e+36 7.687263222429318e+20 4.903642950672280e+39 
1.48360e+16 4.06701e+36 7.711939464168296e+20 4.945028414685119e+39 
1.49992e+16 4.11492e+36 7.736548157116759e+20 4.986646053877473e+39 
1.51637e+16 4.16323e+36 7.761088703903109e+20 5.028499036576601e+39 
1.53296e+16 4.21194e+36 7.785559765655764e+20 5.070577392268623e+39 
1.54968e+16 4.26107e+36 7.809969374842462e+20 5.112888482272718e+39 
1.56655e+16 4.31060e+36 7.834308226283813e+20 5.155431377886841e+39 
1.58355e+16 4.36054e+36 7.858584048094786e+20 5.198208984713146e+39 
1.60069e+16 4.41091e+36 7.882795433399612e+20 5.241220384243806e+39 
1.61797e+16 4.46169e+36 7.906942195299223e+20 5.284468447338333e+39 
1.63539e+16 4.51288e+36 7.931023209635259e+20 5.327947696559284e+39 
1.65295e+16 4.56449e+36 7.955038258051385e+20 5.371665499698016e+39 
1.67066e+16 4.61652e+36 7.978985887054252e+20 5.415616647057546e+39 
1.68850e+16 4.66898e+36 8.002873706850145e+20 5.459808152402964e+39 
1.70649e+16 4.72187e+36 8.026699854781338e+20 5.504234983710173e+39 
1.72463e+16 4.77520e+36 8.050464799719834e+20 5.548899545448846e+39 
1.74291e+16 4.82894e+36 8.074159654379850e+20 5.593805661943466e+39 
1.76133e+16 4.88313e+36 8.097798868921842e+20 5.638947079156608e+39 
1.77991e+16 4.93775e+36 8.121373812915067e+20 5.684331828974026e+39 
1.79863e+16 4.99281e+36 8.144884692250243e+20 5.729962463129193e+39 
1.81751e+16 5.04831e+36 8.168336799266410e+20 5.775842567005825e+39 
1.83652e+16 5.10426e+36 8.191730316857240e+20 5.821948653941365e+39 
1.85568e+16 5.16065e+36 8.215057366680937e+20 5.868279962821645e+39 
1.87500e+16 5.21750e+36 8.238330693531759e+20 5.914878202109978e+39 
1.89446e+16 5.27478e+36 8.261536495592771e+20 5.961699145348325e+39 
1.91409e+16 5.33253e+36 8.284687059912714e+20 6.008784473447419e+39 
1.93387e+16 5.39074e+36 8.307781821533692e+20 6.056132644391831e+39 
1.95380e+16 5.44938e+36 8.330807415286333e+20 6.103699855608167e+39 
1.97388e+16 5.50850e+36 8.353782316355554e+20 6.151527301150651e+39 
1.99411e+16 5.56809e+36 8.376699325564539e+20 6.199571489704484e+39 
2.01450e+16 5.62813e+36 8.399551789599925e+20 6.247873538883090e+39 
2.03507e+16 5.68865e+36 8.422351082602196e+20 6.296474335960770e+39 
2.05576e+16 5.74963e+36 8.445090913329438e+20 6.345246099932885e+39 
2.07663e+16 5.81108e+36 8.467770472129423e+20 6.394313908490018e+39 
2.09766e+16 5.87300e+36 8.490395415603843e+20 6.443634173233723e+39 
2.11885e+16 5.93541e+36 8.512964492070621e+20 6.493206052154413e+39 
2.14021e+16 5.99830e+36 8.535477725800038e+20 6.543027825602485e+39 
2.16170e+16 6.06167e+36 8.557934303043132e+20 6.593056979744576e+39 
2.18337e+16 6.12552e+36 8.580333278696567e+20 6.643375538265189e+39 
2.20522e+16 6.18986e+36 8.602680207146161e+20 6.693981574777328e+39 
2.22722e+16 6.25469e+36 8.624968874831447e+20 6.744791381148981e+39 
2.24939e+16 6.32000e+36 8.647198291416728e+20 6.795886511940146e+39 
2.27172e+16 6.38582e+36 8.669379374483832e+20 6.847224103572365e+39 
2.29421e+16 6.45212e+36 8.691500281672938e+20 6.898803352537859e+39 
2.31688e+16 6.51893e+36 8.713571564975733e+20 6.950663520026882e+39 
2.33972e+16 6.58624e+36 8.735587433085404e+20 7.002762472857468e+39 
2.36271e+16 6.65406e+36 8.757551908918467e+20 7.055099595457939e+39 
2.38588e+16 6.72238e+36 8.779459907292725e+20 7.107713702037959e+39 
2.40922e+16 6.79121e+36 8.801315887049334e+20 7.160603530334742e+39 
2.43275e+16 6.86054e+36 8.823113803798246e+20 7.213768082931110e+39 
2.45644e+16 6.93039e+36 8.844863700360118e+20 7.267165469950379e+39 
2.48028e+16 7.00076e+36 8.866560055920941e+20 7.320794596418547e+39 
2.50433e+16 7.07166e+36 8.888207050243463e+20 7.374734460278584e+39 
2.52853e+16 7.14307e+36 8.909799271239481e+20 7.428903769834411e+39 
2.55291e+16 7.21501e+36 8.931341191276136e+20 7.483341147810342e+39 
2.57749e+16 7.28746e+36 8.952827377282328e+20 7.538085088765595e+39 
2.60223e+16 7.36045e+36 8.974266956669456e+20 7.593054799159396e+39 
2.62715e+16 7.43398e+36 8.995654718353328e+20 7.648288714252710e+39 
2.65224e+16 7.50803e+36 9.016989692328550e+20 7.703786013167663e+39 
2.67751e+16 7.58263e+36 9.038276734100653e+20 7.759544819527262e+39 
2.70298e+16 7.65776e+36 9.059510647842250e+20 7.815603208264148e+39 
2.72861e+16 7.73344e+36 9.080699067200385e+20 7.871882292043433e+39 
2.75444e+16 7.80966e+36 9.101833783060967e+20 7.928458049231068e+39 
2.78044e+16 7.88642e+36 9.122918260569584e+20 7.985290603551581e+39 
2.80664e+16 7.96374e+36 9.143956282893161e+20 8.042417691187069e+39 
2.83302e+16 8.04161e+36 9.164942795339863e+20 8.099799342239610e+39 
2.85957e+16 8.12003e+36 9.185882330310945e+20 8.157433797818641e+39 
2.88633e+16 8.19902e+36 9.206774017994171e+20 8.215358797243194e+39 
2.91327e+16 8.27855e+36 9.227612829781079e+20 8.273573291489859e+39 
2.94040e+16 8.35866e+36 9.248407468857109e+20 8.332036833017620e+39 
2.96770e+16 8.43933e+36 9.269152607986696e+20 8.390748947828875e+39 
2.99522e+16 8.52057e+36 9.289852364646384e+20 8.449784498682946e+39 
3.02292e+16 8.60238e+36 9.310501931952199e+20 8.509065936526888e+39 
3.05079e+16 8.68476e+36 9.331105033374141e+20 8.568592101040270e+39 
3.07888e+16 8.76770e+36 9.351657106549783e+20 8.628437946577592e+39 
3.10717e+16 8.85124e+36 9.372166068520429e+20 8.688563670730947e+39 
3.13563e+16 8.93537e+36 9.392630578989747e+20 8.748931018504407e+39 
3.16431e+16 9.02006e+36 9.413043681273148e+20 8.809613120763567e+39 
3.19316e+16 9.10536e+36 9.433415251756642e+20 8.870534535773946e+39 
3.22223e+16 9.19123e+36 9.453738109327338e+20 8.931768361004831e+39 
3.25150e+16 9.27770e+36 9.474014780592197e+20 8.993276560652471e+39 
3.28096e+16 9.36476e+36 9.494245603945311e+20 9.055057160136532e+39 
3.31062e+16 9.45243e+36 9.514434068225310e+20 9.117108725517996e+39 
3.34047e+16 9.54069e+36 9.534575045907937e+20 9.179431080635251e+39 
3.37054e+16 9.62954e+36 9.554668897088238e+20 9.242059393472920e+39 
3.40082e+16 9.71902e+36 9.574721904056264e+20 9.304992780738957e+39 
3.43128e+16 9.80909e+36 9.594727187908033e+20 9.368155255283119e+39 
3.46195e+16 9.89979e+36 9.614690965395107e+20 9.431620101875385e+39 
3.49284e+16 9.99109e+36 9.634609582269656e+20 9.495385623271847e+39 
3.52394e+16 1.00830e+37 9.654482090690145e+20 9.559451069147471e+39 
3.55524e+16 1.01755e+37 9.674311912218756e+20 9.623778126440740e+39 
3.58673e+16 1.02687e+37 9.694098911297920e+20 9.688365390440990e+39 
3.61845e+16 1.03625e+37 9.713838802630153e+20 9.753285203089400e+39 
3.65037e+16 1.04569e+37 9.733538440919633e+20 9.818462771399792e+39 
3.68251e+16 1.05519e+37 9.753197555664565e+20 9.883933097119852e+39 
3.71486e+16 1.06476e+37 9.772811196359322e+20 9.949696260336385e+39 
3.74742e+16 1.07439e+37 9.792380168678373e+20 1.001574973541408e+40 
3.78020e+16 1.08409e+37 9.811910462376246e+20 1.008209238585933e+40 
3.81319e+16 1.09385e+37 9.831394971209796e+20 1.014872326053954e+40 
