394
7.87051e+00 1.01091e+09 1.000000000000000e+00 4.741271084338030e+24 
7.90684e+00 1.01091e+10 1.144646694054540e+09 4.763156626506728e+24 
8.16588e+00 1.01091e+11 1.254436830678112e+10 4.919204819276209e+24 
1.16146e+01 1.20979e+12 1.208071824576511e+11 6.996746987822211e+24 
1.64060e+01 1.39865e+13 1.015548849290909e+12 9.883132528327731e+24 
4.51859e+01 1.70103e+14 6.071869803151386e+12 2.722042161686348e+25 
2.12326e+02 5.81715e+15 4.862574979536757e+13 1.279072258944593e+26 
1.15081e+03 1.89981e+17 3.202662716393588e+14 6.932589164424949e+26 
1.04473e+04 9.74340e+18 2.083818082667011e+15 6.293546155471674e+27 
2.62424e+04 4.97406e+19 4.300450403721621e+15 1.580863239494011e+28 
6.59178e+04 2.43058e+20 8.580071179244083e+15 3.970930189220845e+28 
1.65578e+05 1.15003e+21 1.659050614401536e+16 9.974471269957508e+28 
4.16201e+05 5.26879e+21 3.110446006427516e+16 2.507183483034584e+29 
1.04545e+06 2.31585e+22 5.627517843487311e+16 6.297652449869323e+29 
2.62605e+06 9.76586e+22 9.814800444077190e+16 1.581850532861214e+30 
6.59786e+06 3.91121e+23 1.649327463111875e+17 3.974147234942335e+30 
8.30621e+06 5.25909e+23 1.830730760962490e+17 5.003074243179301e+30 
1.65731e+07 1.43519e+24 2.571896995331382e+17 9.981900265430364e+30 
3.30676e+07 3.83363e+24 3.560869714885500e+17 1.991491859024064e+31 
6.59938e+07 1.00603e+25 4.848481193013279e+17 3.974059959469488e+31 
1.31705e+08 2.60442e+25 6.505462250238755e+17 7.930039665679723e+31 
2.62786e+08 6.67745e+25 8.642623985782556e+17 1.581973753513567e+32 
3.30905e+08 8.73797e+25 9.338820018930515e+17 1.991918424983983e+32 
5.24448e+08 1.62934e+26 1.111568255662652e+18 3.156511009254139e+32 
8.31386e+08 3.02908e+26 1.320348005749516e+18 5.003024344150485e+32 
1.04665e+09 4.12963e+26 1.438908297133625e+18 6.297797475287976e+32 
1.31796e+09 5.03629e+26 1.515955778919160e+18 7.929507377043961e+32 
1.66117e+09 7.54641e+26 1.682543540441440e+18 9.993380157476642e+32 
2.15980e+09 1.06223e+27 1.844462341888909e+18 1.299127426932960e+33 
2.65854e+09 1.39175e+27 1.981508922791050e+18 1.598933827748467e+33 
3.32363e+09 1.85995e+27 2.138405670348053e+18 1.998672262947537e+33 
4.15511e+09 2.48445e+27 2.305796793601099e+18 2.498325694389637e+33 
4.98670e+09 3.14630e+27 2.450780417381956e+18 2.997958745862030e+33 
6.65017e+09 4.56353e+27 2.695380089501299e+18 3.997179567182956e+33 
8.31425e+09 6.08514e+27 2.899191718018219e+18 4.996519108042823e+33 
9.97844e+09 7.69415e+27 3.075316546431307e+18 5.995714364738767e+33 
1.16432e+10 9.37865e+27 3.231221011062690e+18 6.995067773864922e+33 
1.33080e+10 1.11299e+28 3.371619429616993e+18 7.994280820684411e+33 
1.39741e+10 1.18476e+28 3.424191013370138e+18 8.394031596688118e+33 
1.66384e+10 1.48068e+28 3.617697454869115e+18 9.992752399071682e+33 
1.99698e+10 1.86836e+28 3.829716366353306e+18 1.199131681247071e+34 
2.49680e+10 2.48154e+28 4.103167496834283e+18 1.498900893779661e+34 
3.33007e+10 3.57249e+28 4.479130632750831e+18 1.998476002638302e+34 
4.16373e+10 4.73326e+28 4.789520516337886e+18 2.498095448504149e+34 
4.99762e+10 5.95142e+28 5.055675106195277e+18 2.997693178040153e+34 
6.66596e+10 8.52669e+28 5.499013565296125e+18 3.996823994910553e+34 
8.33514e+10 1.12515e+29 5.862944104978377e+18 4.996012270346290e+34 
1.00049e+11 1.40971e+29 6.173463985721672e+18 5.995174506201727e+34 
1.33458e+11 2.00752e+29 6.687488380240076e+18 7.993394265559256e+34 
1.66883e+11 2.63555e+29 7.106393738919274e+18 9.991541514085764e+34 
2.50503e+11 4.30042e+29 7.911722556458254e+18 1.498685358987826e+35 
3.34190e+11 6.06067e+29 8.516171496529324e+18 1.998230555303343e+35 
3.74372e+11 6.93044e+29 8.761401220286683e+18 2.237974702680952e+35 
4.17920e+11 7.88734e+29 9.002663171275855e+18 2.497731651021509e+35 
4.68180e+11 9.00784e+29 9.255270628361814e+18 2.797442206029371e+35 
5.01687e+11 9.76339e+29 9.410795833735854e+18 2.997206153426481e+35 
5.85495e+11 1.16732e+30 9.762071027802348e+18 3.496714499463048e+35 
6.69334e+11 1.35332e+30 1.005890478998589e+19 3.996225704899688e+35 
7.53205e+11 1.50107e+30 1.026707658190633e+19 4.495787239474393e+35 
8.37072e+11 1.60909e+30 1.040300605616047e+19 4.995231638350020e+35 
9.20964e+11 1.70048e+30 1.050692577207868e+19 5.494759246939233e+35 
1.00488e+12 1.78534e+30 1.059496583333290e+19 5.994376814642986e+35 
1.17269e+12 1.94850e+30 1.074489691051257e+19 6.993347239288764e+35 
1.34055e+12 2.11053e+30 1.087379319284985e+19 7.992461373337749e+35 
1.50839e+12 2.27489e+30 1.098909131967675e+19 8.991321251989167e+35 
1.67630e+12 2.44298e+30 1.109455524358580e+19 9.990475251349447e+35 
2.51596e+12 3.34989e+30 1.153056538121447e+19 1.498534328475101e+36 
3.35601e+12 4.36587e+30 1.187756969284576e+19 1.998038214471892e+36 
5.03690e+12 6.67576e+30 1.243178715748121e+19 2.997007729309423e+36 
8.40142e+12 1.21275e+31 1.325304859655922e+19 4.995021640970747e+36 
1.34528e+13 2.16816e+31 1.413707245588282e+19 7.991923319180161e+36 
1.68230e+13 2.86603e+31 1.459865779484512e+19 9.989951333291875e+36 
2.52547e+13 4.74570e+31 1.549991451707509e+19 1.498481091869930e+37 
3.36932e+13 6.75290e+31 1.618328200359644e+19 1.997935263831005e+37 
5.05886e+13 1.10339e+32 1.720779095413068e+19 2.996967370443495e+37 
6.74999e+13 1.57008e+32 1.799974129034052e+19 3.995946434054124e+37 
8.44254e+13 2.09500e+32 1.869006275257448e+19 4.994948134791167e+37 
1.01361e+14 2.70851e+32 1.934877939220754e+19 5.993800766650287e+37 
1.26792e+14 3.87725e+32 2.036865059818366e+19 7.492319448281967e+37 
1.35277e+14 4.35518e+32 2.073203460344857e+19 7.991909664587739e+37 
1.43765e+14 4.88824e+32 2.111260242256135e+19 8.491469870490956e+37 
1.48858e+14 5.23759e+32 2.135043693044684e+19 8.791114342258775e+37 
1.52255e+14 5.48371e+32 2.151325901345071e+19 8.990930763936161e+37 
1.55651e+14 5.74064e+32 2.167946760620123e+19 9.190651797818393e+37 
1.59050e+14 6.00809e+32 2.184873119008727e+19 9.390511943437594e+37 
1.60751e+14 6.14529e+32 2.193417299443919e+19 9.490516025047263e+37 
1.62447e+14 6.28408e+32 2.201969307601286e+19 9.590216657701447e+37 
1.63299e+14 6.35370e+32 2.206229829977725e+19 9.640298079521687e+37 
1.65853e+14 6.40452e+32 2.209305990605053e+19 9.790419905493923e+37 
1.67554e+14 6.59196e+32 2.220457547872748e+19 9.890400146839380e+37 
1.69254e+14 6.78432e+32 2.231829390443901e+19 9.990304346767111e+37 
1.78986e+14 1.47087e+33 2.727382286904032e+19 1.055565601597257e+38 
2.34934e+14 2.63695e+33 3.288869171545420e+19 1.381451108988298e+38 
3.31195e+14 4.29591e+33 3.867410957876788e+19 1.938702124878395e+38 
3.79709e+14 6.32796e+33 4.425881832799493e+19 2.217867421071193e+38 
4.12874e+14 8.58304e+33 4.982087387478800e+19 2.407498821591111e+38 
4.38371e+14 1.09992e+34 5.537234174508759e+19 2.552322542753149e+38 
4.94547e+14 1.36684e+34 6.092506564763200e+19 2.869549355689619e+38 
5.13026e+14 1.65147e+34 6.637861388588684e+19 2.973302066490137e+38 
5.30157e+14 1.94584e+34 7.181309692201051e+19 3.068868963642589e+38 
5.46499e+14 2.24934e+34 7.721634283628606e+19 3.159482348509442e+38 
5.62358e+14 2.56160e+34 8.258899931199755e+19 3.246891358308654e+38 
5.77916e+14 2.88235e+34 8.793110026342200e+19 3.332130158246229e+38 
5.93338e+14 3.21143e+34 9.324299209858469e+19 3.416127173897928e+38 
6.08676e+14 3.54875e+34 9.852506262004969e+19 3.499176954478755e+38 
6.23966e+14 3.89420e+34 1.037773839262597e+20 3.581482318048300e+38 
6.39226e+14 4.24773e+34 1.090002817283106e+20 3.663147253159275e+38 
6.54470e+14 4.60926e+34 1.141939568426225e+20 3.744254948215495e+38 
6.69696e+14 4.97874e+34 1.193585603447564e+20 3.824802324663979e+38 
6.84905e+14 5.35612e+34 1.244944759192738e+20 3.904795706645365e+38 
7.00091e+14 5.74135e+34 1.296020792259294e+20 3.984222673911243e+38 
7.15252e+14 6.13433e+34 1.346811364603768e+20 4.063061780440530e+38 
7.30374e+14 6.53501e+34 1.397320952575045e+20 4.141264332090614e+38 
7.45454e+14 6.94332e+34 1.447550583777261e+20 4.218809848317733e+38 
7.60479e+14 7.35919e+34 1.497503461440512e+20 4.295641886806948e+38 
7.75446e+14 7.78256e+34 1.547183323394092e+20 4.371759193520966e+38 
7.90345e+14 8.21332e+34 1.596590236257333e+20 4.447106571430219e+38 
8.05168e+14 8.65141e+34 1.645726890880929e+20 4.521665467091448e+38 
8.19915e+14 9.09677e+34 1.694599367683120e+20 4.595435546080661e+38 
8.34574e+14 9.54926e+34 1.743203236437780e+20 4.668372254410162e+38 
8.49146e+14 1.00088e+35 1.791546938766906e+20 4.740484431955153e+38 
8.63625e+14 1.04754e+35 1.839631673065047e+20 4.811754594826195e+38 
8.78015e+14 1.09489e+35 1.887457150849806e+20 4.882209126358963e+38 
8.92311e+14 1.14292e+35 1.935027561064158e+20 4.951830803143903e+38 
9.06518e+14 1.19163e+35 1.982349035969593e+20 5.020654121597024e+38 
9.20635e+14 1.24100e+35 2.029419101303073e+20 5.088687578212636e+38 
9.34669e+14 1.29103e+35 2.076241749916973e+20 5.155964946802809e+38 
9.48622e+14 1.34171e+35 2.122823117366709e+20 5.222511193396050e+38 
9.62501e+14 1.39305e+35 2.169164886998221e+20 5.288359122763442e+38 
9.76314e+14 1.44502e+35 2.215266901793383e+20 5.353557918495785e+38 
9.90068e+14 1.49762e+35 2.261132503572073e+20 5.418147893864727e+38 
1.00377e+15 1.55085e+35 2.306765288822867e+20 5.482176636599947e+38 
1.01744e+15 1.60471e+35 2.352170422152907e+20 5.545699653651159e+38 
1.03107e+15 1.65919e+35 2.397350070417309e+20 5.608771429114444e+38 
1.04469e+15 1.71427e+35 2.442299344859621e+20 5.671453886831407e+38 
1.05831e+15 1.76997e+35 2.487023372750968e+20 5.733808110704425e+38 
1.07194e+15 1.82627e+35 2.531526906505101e+20 5.795894083028697e+38 
1.08559e+15 1.88320e+35 2.575826057345268e+20 5.857787264241291e+38 
1.09927e+15 1.94073e+35 2.619899338461817e+20 5.919545711008430e+38 
1.11302e+15 1.99886e+35 2.663761757754961e+20 5.981258867466253e+38 
1.12683e+15 2.05760e+35 2.707415506661967e+20 6.042982803873375e+38 
1.14074e+15 2.11694e+35 2.750862149364290e+20 6.104796625945170e+38 
1.15474e+15 2.17690e+35 2.794102539612212e+20 6.166786273851689e+38 
1.16887e+15 2.23747e+35 2.837137228598224e+20 6.229012790592384e+38 
1.18315e+15 2.29866e+35 2.879977367915083e+20 6.291567640629910e+38 
1.19757e+15 2.36044e+35 2.922600172665380e+20 6.354502103228912e+38 
1.21219e+15 2.42288e+35 2.965048473088586e+20 6.417951869726192e+38 
1.22700e+15 2.48593e+35 3.007287714869792e+20 6.481942824718558e+38 
1.24203e+15 2.54962e+35 3.049337340508498e+20 6.546577249195944e+38 
1.25729e+15 2.61395e+35 3.091194588653615e+20 6.611925426359351e+38 
1.27282e+15 2.67892e+35 3.132856549367830e+20 6.678071775149697e+38 
1.28862e+15 2.74456e+35 3.174340045072891e+20 6.745099618206078e+38 
1.30472e+15 2.81086e+35 3.215630780180838e+20 6.813083631773823e+38 
1.32115e+15 2.87783e+35 3.256734384003874e+20 6.882104973341182e+38 
1.33791e+15 2.94548e+35 3.297646296619389e+20 6.952251016373126e+38 
1.35504e+15 3.01383e+35 3.338380488964595e+20 7.023585933996722e+38 
1.37256e+15 3.08289e+35 3.378931507491092e+20 7.096194871111248e+38 
1.39048e+15 3.15266e+35 3.419302725226782e+20 7.170154712043381e+38 
1.40883e+15 3.22316e+35 3.459487831412202e+20 7.245548674867212e+38 
1.42763e+15 3.29441e+35 3.499498650083763e+20 7.322458636259990e+38 
1.44691e+15 3.36643e+35 3.539337022510508e+20 7.400951006501665e+38 
1.46668e+15 3.43921e+35 3.578995773590602e+20 7.481105703899228e+38 
1.48697e+15 3.51279e+35 3.618476282256903e+20 7.562994468075369e+38 
1.50780e+15 3.58716e+35 3.657779416700014e+20 7.646709659207006e+38 
1.52919e+15 3.66235e+35 3.696905700095233e+20 7.732306774139863e+38 
1.55117e+15 3.73839e+35 3.735863586603512e+20 7.819883088681016e+38 
1.57377e+15 3.81529e+35 3.774652653956547e+20 7.909499298230016e+38 
1.59699e+15 3.89306e+35 3.813264225901232e+20 8.001243564693784e+38 
1.62088e+15 3.97173e+35 3.851705647305544e+20 8.095174686801922e+38 
1.64545e+15 4.05131e+35 3.889975624388013e+20 8.191378891990500e+38 
1.67072e+15 4.13183e+35 3.928080243446277e+20 8.289934294793359e+38 
1.69673e+15 4.21332e+35 3.966017607212460e+20 8.390917956851274e+38 
1.72349e+15 4.29577e+35 4.003778184497501e+20 8.494399299805815e+38 
1.75103e+15 4.37922e+35 4.041374481795033e+20 8.600453573743191e+38 
1.77939e+15 4.46372e+35 4.078811139230895e+20 8.709168525605847e+38 
1.80858e+15 4.54926e+35 4.116077870595970e+20 8.820631295975502e+38 
1.83861e+15 4.63587e+35 4.153178702887793e+20 8.934832963572235e+38 
1.86955e+15 4.72359e+35 4.190117199930985e+20 9.052007544816891e+38 
1.90138e+15 4.81242e+35 4.226889893151000e+20 9.172063552325636e+38 
1.93414e+15 4.90243e+35 4.263506271499038e+20 9.295111728185999e+38 
1.96782e+15 4.99361e+35 4.299956225947821e+20 9.421127941928270e+38 
2.00244e+15 5.08600e+35 4.336249572650009e+20 9.550088004734514e+38 
2.03813e+15 5.17963e+35 4.372381423059280e+20 9.682564195560504e+38 
2.07497e+15 5.27452e+35 4.408352776049370e+20 9.818725813332626e+38 
2.11301e+15 5.37075e+35 4.444175381120339e+20 9.958740693604823e+38 
2.15229e+15 5.46830e+35 4.479836629634832e+20 1.010277447558188e+39 
2.19284e+15 5.56723e+35 4.515341679877506e+20 1.025086063224157e+39 
2.23474e+15 5.66760e+35 4.550700264098982e+20 1.040329183323509e+39 
2.27805e+15 5.76941e+35 4.585899188055814e+20 1.056022769339517e+39 
2.32282e+15 5.87275e+35 4.620952109021432e+20 1.072182671030949e+39 
2.36912e+15 5.97763e+35 4.655855995689602e+20 1.088830881533168e+39 
2.41701e+15 6.08411e+35 4.690606927698132e+20 1.105982833596780e+39 
2.46661e+15 6.19226e+35 4.725221461976497e+20 1.123679139775195e+39 
2.51796e+15 6.30210e+35 4.759683737146779e+20 1.141928355680895e+39 
2.57116e+15 6.41372e+35 4.794008445977223e+20 1.160764105690192e+39 
2.62629e+15 6.52715e+35 4.828188865445801e+20 1.180207120204630e+39 
2.68348e+15 6.64246e+35 4.862232375330710e+20 1.200302895697878e+39 
2.74280e+15 6.75973e+35 4.896140169606881e+20 1.221065259721868e+39 
2.80439e+15 6.87902e+35 4.929912914973125e+20 1.242545127156596e+39 
2.86840e+15 7.00039e+35 4.963549677157706e+20 1.264780522431295e+39 
2.93493e+15 7.12394e+35 4.997057754938583e+20 1.287808982071625e+39 
3.00415e+15 7.24975e+35 5.030438326976211e+20 1.311679958596577e+39 
3.07623e+15 7.37791e+35 5.063692104748578e+20 1.336442851979842e+39 
3.14046e+15 7.50845e+35 5.096843348691574e+20 1.358431223768591e+39 
3.18698e+15 7.64070e+35 5.129845912000819e+20 1.374296549161811e+39 
3.23401e+15 7.77450e+35 5.162737222070191e+20 1.390278471157436e+39 
3.28158e+15 7.90985e+35 5.195508630047881e+20 1.406383164113246e+39 
3.32967e+15 8.04676e+35 5.228158398723551e+20 1.422603703889036e+39 
3.37831e+15 8.18526e+35 5.260692723564000e+20 1.438951154129253e+39 
3.42748e+15 8.32534e+35 5.293108507656756e+20 1.455418805990249e+39 
3.47719e+15 8.46701e+35 5.325405064064739e+20 1.472005625157560e+39 
3.52745e+15 8.61031e+35 5.357590752161068e+20 1.488716797282953e+39 
3.57828e+15 8.75521e+35 5.389656649573515e+20 1.505557306755019e+39 
3.62965e+15 8.90176e+35 5.421612101810316e+20 1.522514383630537e+39 
3.68158e+15 9.04996e+35 5.453454300180050e+20 1.539599089332278e+39 
3.73407e+15 9.19982e+35 5.485182514541412e+20 1.556804507747722e+39 
3.78713e+15 9.35135e+35 5.516800948728747e+20 1.574135755089237e+39 
3.84076e+15 9.50457e+35 5.548308414602830e+20 1.591591845320420e+39 
3.89498e+15 9.65948e+35 5.579706171848506e+20 1.609177734466732e+39 
3.94976e+15 9.81609e+35 5.610992529288325e+20 1.626886760429588e+39 
4.00514e+15 9.97443e+35 5.642172586198912e+20 1.644723743077975e+39 
4.06110e+15 1.01345e+36 5.673240345449944e+20 1.662688017212764e+39 
4.11765e+15 1.02963e+36 5.704205059054404e+20 1.680778421321295e+39 
4.17479e+15 1.04599e+36 5.735064164960843e+20 1.698994250011057e+39 
4.23254e+15 1.06252e+36 5.765816390801353e+20 1.717340247108101e+39 
4.29089e+15 1.07923e+36 5.796463111190493e+20 1.735815530604324e+39 
4.34987e+15 1.09613e+36 5.827007913712596e+20 1.754424965896007e+39 
4.40943e+15 1.11320e+36 5.857447487210053e+20 1.773156216091404e+39 
4.46962e+15 1.13045e+36 5.887782564103190e+20 1.792019768225790e+39 
4.53043e+15 1.14789e+36 5.918019722453527e+20 1.811014785065770e+39 
4.59189e+15 1.16551e+36 5.948152484779284e+20 1.830145801572963e+39 
4.65394e+15 1.18332e+36 5.978184713387656e+20 1.849400889473230e+39 
4.71665e+15 1.20132e+36 6.008117660056499e+20 1.868790243950117e+39 
4.77999e+15 1.21950e+36 6.037951663484536e+20 1.888313140610558e+39 
4.84397e+15 1.23787e+36 6.067686731107010e+20 1.907968390578381e+39 
4.90860e+15 1.25644e+36 6.097325616613156e+20 1.927755327255638e+39 
4.97388e+15 1.27520e+36 6.126864838536473e+20 1.947678419167661e+39 
5.03983e+15 1.29415e+36 6.156307212312322e+20 1.967736955901986e+39 
5.10641e+15 1.31329e+36 6.185652235295051e+20 1.987924469810472e+39 
5.17368e+15 1.33263e+36 6.214903432313618e+20 2.008250896505955e+39 
5.24160e+15 1.35217e+36 6.244061452424850e+20 2.028710040802427e+39 
5.31022e+15 1.37191e+36 6.273122835924145e+20 2.049311681238766e+39 
5.37950e+15 1.39184e+36 6.302090556268919e+20 2.070044333159613e+39 
5.44945e+15 1.41198e+36 6.330965701477910e+20 2.090912461735593e+39 
5.52010e+15 1.43232e+36 6.359749600441342e+20 2.111920411078625e+39 
5.59143e+15 1.45287e+36 6.388441170723635e+20 2.133061955543341e+39 
5.66347e+15 1.47362e+36 6.417040849168408e+20 2.154346902275815e+39 
5.73620e+15 1.49457e+36 6.445549673628424e+20 2.175769066459430e+39 
5.80963e+15 1.51574e+36 6.473968715881506e+20 2.197327550442129e+39 
5.88378e+15 1.53711e+36 6.502296749488078e+20 2.219026714801760e+39 
5.95863e+15 1.55870e+36 6.530538842281356e+20 2.240865683517369e+39 
6.03420e+15 1.58050e+36 6.558689428322404e+20 2.262843621974602e+39 
6.11050e+15 1.60251e+36 6.586761817333305e+20 2.284964787258633e+39 
6.18753e+15 1.62473e+36 6.614728380958466e+20 2.307228295794315e+39 
6.26527e+15 1.64717e+36 6.642618292310789e+20 2.329628148188569e+39 
6.34377e+15 1.66984e+36 6.670430071668537e+20 2.352173731791634e+39 
6.42301e+15 1.69271e+36 6.698143136930735e+20 2.374864102482445e+39 
6.50298e+15 1.71581e+36 6.725775842193118e+20 2.397693300623907e+39 
6.58370e+15 1.73913e+36 6.753326976233796e+20 2.420665534317794e+39 
6.66518e+15 1.76268e+36 6.780795219009056e+20 2.443785011211558e+39 
6.74742e+15 1.78644e+36 6.808161126648197e+20 2.467045784807622e+39 
6.83042e+15 1.81043e+36 6.835460204893690e+20 2.490452119135458e+39 
6.91419e+15 1.83465e+36 6.862673409749290e+20 2.514002990477619e+39 
6.99872e+15 1.85911e+36 6.889817475717482e+20 2.537697529172146e+39 
7.08404e+15 1.88378e+36 6.916855664592104e+20 2.561539941837198e+39 
7.17014e+15 1.90869e+36 6.943822439209974e+20 2.585529297387405e+39 
7.25705e+15 1.93384e+36 6.970715954771333e+20 2.609669796531076e+39 
7.34472e+15 1.95921e+36 6.997518808432775e+20 2.633950464553823e+39 
7.43319e+15 1.98484e+36 7.024263469590631e+20 2.658380358455441e+39 
7.52246e+15 2.01068e+36 7.050898944248266e+20 2.682958585212454e+39 
7.61256e+15 2.03677e+36 7.077473546805569e+20 2.707689281665948e+39 
7.70346e+15 2.06311e+36 7.103969943910118e+20 2.732566576255387e+39 
7.79515e+15 2.08968e+36 7.130387226707991e+20 2.757589596766608e+39 
7.88769e+15 2.11650e+36 7.156724903414126e+20 2.782767055465816e+39 
7.98105e+15 2.14355e+36 7.182981266857194e+20 2.808093471529811e+39 
8.07524e+15 2.17086e+36 7.209171105642317e+20 2.833572700820450e+39 
8.17025e+15 2.19841e+36 7.235277987616691e+20 2.859199069978619e+39 
8.26612e+15 2.22621e+36 7.261301320570896e+20 2.884981283992985e+39 
8.36283e+15 2.25425e+36 7.287255070622511e+20 2.910913703351685e+39 
8.46039e+15 2.28256e+36 7.313138385177488e+20 2.937000147509291e+39 
8.55879e+15 2.31112e+36 7.338950465152773e+20 2.963234901893465e+39 
8.65807e+15 2.33994e+36 7.364689556534316e+20 2.989626846277662e+39 
8.75821e+15 2.36899e+36 7.390341106191696e+20 3.016174932742251e+39 
8.85922e+15 2.39832e+36 7.415932469202279e+20 3.042873579420525e+39 
8.96109e+15 2.42791e+36 7.441448322600478e+20 3.069726729644958e+39 
9.06386e+15 2.45775e+36 7.466889061229891e+20 3.096737790528789e+39 
9.16750e+15 2.48787e+36 7.492265940080205e+20 3.123901690855932e+39 
9.27203e+15 2.51824e+36 7.517564992949008e+20 3.151222084605190e+39 
9.37747e+15 2.54886e+36 7.542785884127965e+20 3.178702631980463e+39 
9.48380e+15 2.57976e+36 7.567940870041631e+20 3.206337846425161e+39 
9.59102e+15 2.61094e+36 7.593029045123623e+20 3.234126845266731e+39 
9.69917e+15 2.64238e+36 7.618049061153705e+20 3.262078135388106e+39 
9.80823e+15 2.67410e+36 7.643000218325751e+20 3.290186157262001e+39 
9.91822e+15 2.70608e+36 7.667882553188427e+20 3.318454306509083e+39 
1.00291e+16 2.73835e+36 7.692694093067211e+20 3.346877570243953e+39 
1.01409e+16 2.77088e+36 7.717434586988724e+20 3.375464030489552e+39 
1.02537e+16 2.80368e+36 7.742103116707244e+20 3.404208332648172e+39 
1.03674e+16 2.83678e+36 7.766711686614320e+20 3.433118363724347e+39 
1.04821e+16 2.87016e+36 7.791258230145114e+20 3.462184585150443e+39 
1.05977e+16 2.90382e+36 7.815730648038183e+20 3.491410498381116e+39 
1.07143e+16 2.93774e+36 7.840129060308032e+20 3.520803968710644e+39 
1.08318e+16 2.97197e+36 7.864474414826669e+20 3.550355602279271e+39 
1.09503e+16 3.00648e+36 7.888743800826228e+20 3.580068754058476e+39 
1.10698e+16 3.04129e+36 7.912959281107599e+20 3.609946889767812e+39 
1.11902e+16 3.07637e+36 7.937097120978911e+20 3.639989405764550e+39 
1.13116e+16 3.11175e+36 7.961179117830489e+20 3.670195246271699e+39 
1.14341e+16 3.14742e+36 7.985193663473581e+20 3.700567907855712e+39 
1.15575e+16 3.18340e+36 8.009150374983504e+20 3.731102250161890e+39 
1.16819e+16 3.21967e+36 8.033037787239775e+20 3.761801843452774e+39 
1.18073e+16 3.25622e+36 8.056856461092508e+20 3.792669738075665e+39 
1.19337e+16 3.29308e+36 8.080614475266962e+20 3.823701380565417e+39 
1.20611e+16 3.33024e+36 8.104312132415881e+20 3.854899816198835e+39 
1.21896e+16 3.36771e+36 8.127948645291671e+20 3.886264182212377e+39 
1.23191e+16 3.40548e+36 8.151522866618575e+20 3.917798135764886e+39 
1.24496e+16 3.44357e+36 8.175044453632020e+20 3.949500573972392e+39 
1.25811e+16 3.48195e+36 8.198492572660563e+20 3.981370799591274e+39 
1.27137e+16 3.52064e+36 8.221876591757192e+20 4.013407935063708e+39 
1.28474e+16 3.55964e+36 8.245206055871591e+20 4.045615152177513e+39 
1.29821e+16 3.59897e+36 8.268479374901952e+20 4.077996187146766e+39 
1.31178e+16 3.63860e+36 8.291686901236092e+20 4.110541385763232e+39 
1.32546e+16 3.67855e+36 8.314837128749655e+20 4.143258560483267e+39 
1.33925e+16 3.71882e+36 8.337929480561391e+20 4.176151008318820e+39 
1.35314e+16 3.75939e+36 8.360954331652757e+20 4.209209305667026e+39 
1.36715e+16 3.80030e+36 8.383928779093612e+20 4.242445497765191e+39 
1.38126e+16 3.84153e+36 8.406843930562775e+20 4.275849834586964e+39 
1.39548e+16 3.88308e+36 8.429698341656052e+20 4.309426083671488e+39 
1.40981e+16 3.92496e+36 8.452492269424852e+20 4.343177185866469e+39 
1.42426e+16 3.96716e+36 8.475232680067050e+20 4.377102785063968e+39 
1.43881e+16 4.00971e+36 8.497919963842588e+20 4.411201450799663e+39 
1.45347e+16 4.05258e+36 8.520544132813948e+20 4.445472735808956e+39 
1.46825e+16 4.09576e+36 8.543105529870211e+20 4.479923704395165e+39 
1.48314e+16 4.13930e+36 8.565619485791837e+20 4.514545541458838e+39 
1.49814e+16 4.18317e+36 8.588077592946370e+20 4.549345357024272e+39 
1.51325e+16 4.22737e+36 8.610470617032563e+20 4.584322549780383e+39 
1.52848e+16 4.27192e+36 8.632814922407747e+20 4.619475889373111e+39 
1.54383e+16 4.31681e+36 8.655109147000268e+20 4.654804807391079e+39 
1.55929e+16 4.36203e+36 8.677337235003536e+20 4.690312352288149e+39 
1.57486e+16 4.40761e+36 8.699514168793971e+20 4.725997797751424e+39 
1.59055e+16 4.45353e+36 8.721639649619494e+20 4.761864143244297e+39 
1.60636e+16 4.49981e+36 8.743712639590013e+20 4.797906646667881e+39 
1.62229e+16 4.54642e+36 8.765725604160821e+20 4.834128181258732e+39 
1.63833e+16 4.59339e+36 8.787684635917683e+20 4.870528411855551e+39 
1.65450e+16 4.64072e+36 8.809597897891803e+20 4.907113808409963e+39 
1.67078e+16 4.68839e+36 8.831448560804228e+20 4.943876220582293e+39 
1.68718e+16 4.73643e+36 8.853252084786533e+20 4.980818116565704e+39 
1.70371e+16 4.78482e+36 8.874999751276330e+20 5.017947109595651e+39 
1.72035e+16 4.83358e+36 8.896698961840070e+20 5.055253887379622e+39 
1.73712e+16 4.88270e+36 8.918341399103494e+20 5.092745936717247e+39 
1.75401e+16 4.93218e+36 8.939933870737676e+20 5.130418256132989e+39 
1.77102e+16 4.98203e+36 8.961476003791929e+20 5.168273836273884e+39 
1.78815e+16 5.03223e+36 8.982959858353922e+20 5.206296324123161e+39 
1.80542e+16 5.08281e+36 9.004399543907916e+20 5.244543571930376e+39 
1.82280e+16 5.13377e+36 9.025786487673166e+20 5.282936446179430e+39 
1.84032e+16 5.18509e+36 9.047121494258138e+20 5.321552081383267e+39 
1.85795e+16 5.23680e+36 9.068409800335525e+20 5.360311562778581e+39 
1.87571e+16 5.28888e+36 9.089644508704940e+20 5.399292291609068e+39 
1.89361e+16 5.34132e+36 9.110825539070033e+20 5.438453994180048e+39 
1.91163e+16 5.39416e+36 9.131964291720328e+20 5.477796427176423e+39 
1.92977e+16 5.44738e+36 9.153048895689198e+20 5.517317864181214e+39 
1.94804e+16 5.50097e+36 9.174084396545205e+20 5.557018021931102e+39 
1.96645e+16 5.55496e+36 9.195070156709180e+20 5.596934782634908e+39 
1.98499e+16 5.60934e+36 9.216012503663119e+20 5.637028164208864e+39 
2.00365e+16 5.66409e+36 9.236897771201125e+20 5.677297931949318e+39 
2.02245e+16 5.71924e+36 9.257738844762967e+20 5.717780950223694e+39 
2.04138e+16 5.77479e+36 9.278534430096006e+20 5.758438397989149e+39 
2.06043e+16 5.83073e+36 9.299277885596261e+20 5.799269633529780e+39 
2.07963e+16 5.88707e+36 9.319975666747452e+20 5.840311351200964e+39 
2.09896e+16 5.94380e+36 9.340626562914444e+20 5.881562999695361e+39 
2.11843e+16 6.00094e+36 9.361229959472238e+20 5.922985783923472e+39 
2.13801e+16 6.05846e+36 9.381780305074553e+20 5.964578581443216e+39 
2.15774e+16 6.11640e+36 9.402288282976180e+20 6.006378603468116e+39 
2.17762e+16 6.17476e+36 9.422753146868276e+20 6.048384998595282e+39 
2.19763e+16 6.23351e+36 9.443169405672780e+20 6.090596405688551e+39 
2.21777e+16 6.29267e+36 9.463536084822213e+20 6.132974820107493e+39 
2.23805e+16 6.35224e+36 9.483858376411173e+20 6.175556862204452e+39 
2.25848e+16 6.41223e+36 9.504136253866561e+20 6.218341286151054e+39 
2.27905e+16 6.47263e+36 9.524368716890598e+20 6.261327540211303e+39 
2.29974e+16 6.53346e+36 9.544555558401712e+20 6.304477426141026e+39 
2.32057e+16 6.59468e+36 9.564691407695880e+20 6.347827122766250e+39 
2.34157e+16 6.65635e+36 9.584791189550351e+20 6.391412978569219e+39 
2.36269e+16 6.71842e+36 9.604838583991707e+20 6.435160255514222e+39 
2.38395e+16 6.78093e+36 9.624844531721958e+20 6.479104433066885e+39 
2.40538e+16 6.84386e+36 9.644807751404797e+20 6.523281925449692e+39 
2.42692e+16 6.90723e+36 9.664727611456655e+20 6.567618492495879e+39 
2.44863e+16 6.97102e+36 9.684599633860830e+20 6.612185946879894e+39 
2.47046e+16 7.03523e+36 9.704427761828781e+20 6.656910767385958e+39 
2.49246e+16 7.09990e+36 9.724216548266401e+20 6.701865084234548e+39 
2.51459e+16 7.16498e+36 9.743955885809937e+20 6.747011460577101e+39 
2.53689e+16 7.23051e+36 9.763655265705360e+20 6.792385202034561e+39 
2.55931e+16 7.29649e+36 9.783314146614747e+20 6.837913005551318e+39 
2.58189e+16 7.36291e+36 9.802926991935932e+20 6.883666733374431e+39 
2.60463e+16 7.42975e+36 9.822494012577274e+20 6.929644956175691e+39 
2.62750e+16 7.49706e+36 9.842024209540195e+20 6.975774785297531e+39 
2.65053e+16 7.56482e+36 9.861512159015439e+20 7.022127593304026e+39 
