101
7.87051e+00 1.01091e+09 1.000000000000000e+00 4.741271084338030e+24 
7.90684e+00 1.01091e+10 1.144646694054540e+09 4.763156626506728e+24 
8.16588e+00 1.01091e+11 1.254436830678112e+10 4.919204819276209e+24 
1.16146e+01 1.20979e+12 1.208071824576511e+11 6.996746987822211e+24 
1.64060e+01 1.39865e+13 1.015548849290909e+12 9.883132528327731e+24 
4.51859e+01 1.70103e+14 6.071869803151386e+12 2.722042161686348e+25 
2.12326e+02 5.81715e+15 4.862574979536757e+13 1.279072258944593e+26 
1.15081e+03 1.89981e+17 3.202662716393588e+14 6.932589164424949e+26 
1.04473e+04 9.74340e+18 2.083818082667011e+15 6.293546155471674e+27 
2.62424e+04 4.97406e+19 4.300450403721621e+15 1.580863239494011e+28 
6.59178e+04 2.43058e+20 8.580071179244083e+15 3.970930189220845e+28 
1.65578e+05 1.15003e+21 1.659050614401536e+16 9.974471269957508e+28 
4.16201e+05 5.26879e+21 3.110446006427516e+16 2.507183483034584e+29 
1.04545e+06 2.31585e+22 5.627517843487311e+16 6.297652449869323e+29 
2.62605e+06 9.76586e+22 9.814800444077190e+16 1.581850532861214e+30 
6.59786e+06 3.91121e+23 1.649327463111875e+17 3.974147234942335e+30 
8.30621e+06 5.25909e+23 1.830730760962490e+17 5.003074243179301e+30 
1.65731e+07 1.43519e+24 2.571896995331382e+17 9.981900265430364e+30 
3.30676e+07 3.83363e+24 3.560869714885500e+17 1.991491859024064e+31 
6.59938e+07 1.00603e+25 4.848481193013279e+17 3.974059959469488e+31 
1.31705e+08 2.60442e+25 6.505462250238755e+17 7.930039665679723e+31 
2.62786e+08 6.67745e+25 8.642623985782556e+17 1.581973753513567e+32 
3.30905e+08 8.73797e+25 9.338820018930515e+17 1.991918424983983e+32 
5.24448e+08 1.62934e+26 1.111568255662652e+18 3.156511009254139e+32 
8.31386e+08 3.02908e+26 1.320348005749516e+18 5.003024344150485e+32 
1.04665e+09 4.12963e+26 1.438908297133625e+18 6.297797475287976e+32 
1.31796e+09 5.03629e+26 1.515955778919160e+18 7.929507377043961e+32 
1.66117e+09 7.54641e+26 1.682543540441440e+18 9.993380157476642e+32 
2.15980e+09 1.06223e+27 1.844462341888909e+18 1.299127426932960e+33 
2.65854e+09 1.39175e+27 1.981508922791050e+18 1.598933827748467e+33 
3.32363e+09 1.85995e+27 2.138405670348053e+18 1.998672262947537e+33 
4.15511e+09 2.48445e+27 2.305796793601099e+18 2.498325694389637e+33 
4.98670e+09 3.14630e+27 2.450780417381956e+18 2.997958745862030e+33 
6.65017e+09 4.56353e+27 2.695380089501299e+18 3.997179567182956e+33 
8.31425e+09 6.08514e+27 2.899191718018219e+18 4.996519108042823e+33 
9.97844e+09 7.69415e+27 3.075316546431307e+18 5.995714364738767e+33 
1.16432e+10 9.37865e+27 3.231221011062690e+18 6.995067773864922e+33 
1.33080e+10 1.11299e+28 3.371619429616993e+18 7.994280820684411e+33 
1.39741e+10 1.18476e+28 3.424191013370138e+18 8.394031596688118e+33 
1.66384e+10 1.48068e+28 3.617697454869115e+18 9.992752399071682e+33 
1.99698e+10 1.86836e+28 3.829716366353306e+18 1.199131681247071e+34 
2.49680e+10 2.48154e+28 4.103167496834283e+18 1.498900893779661e+34 
3.33007e+10 3.57249e+28 4.479130632750831e+18 1.998476002638302e+34 
4.16373e+10 4.73326e+28 4.789520516337886e+18 2.498095448504149e+34 
4.99762e+10 5.95142e+28 5.055675106195277e+18 2.997693178040153e+34 
6.66596e+10 8.52669e+28 5.499013565296125e+18 3.996823994910553e+34 
8.33514e+10 1.12515e+29 5.862944104978377e+18 4.996012270346290e+34 
1.00049e+11 1.40971e+29 6.173463985721672e+18 5.995174506201727e+34 
1.33458e+11 2.00752e+29 6.687488380240076e+18 7.993394265559256e+34 
1.66883e+11 2.63555e+29 7.106393738919274e+18 9.991541514085764e+34 
2.50503e+11 4.30042e+29 7.911722556458254e+18 1.498685358987826e+35 
3.34190e+11 6.06067e+29 8.516171496529324e+18 1.998230555303343e+35 
3.74372e+11 6.93044e+29 8.761401220286683e+18 2.237974702680952e+35 
4.17920e+11 7.88734e+29 9.002663171275855e+18 2.497731651021509e+35 
4.68180e+11 9.00784e+29 9.255270628361814e+18 2.797442206029371e+35 
5.01687e+11 9.76339e+29 9.410795833735854e+18 2.997206153426481e+35 
5.85495e+11 1.16732e+30 9.762071027802348e+18 3.496714499463048e+35 
6.69334e+11 1.35332e+30 1.005890478998589e+19 3.996225704899688e+35 
7.53205e+11 1.50107e+30 1.026707658190633e+19 4.495787239474393e+35 
8.37072e+11 1.60909e+30 1.040300605616047e+19 4.995231638350020e+35 
9.20964e+11 1.70048e+30 1.050692577207868e+19 5.494759246939233e+35 
1.00488e+12 1.78534e+30 1.059496583333290e+19 5.994376814642986e+35 
1.17269e+12 1.94850e+30 1.074489691051257e+19 6.993347239288764e+35 
1.34055e+12 2.11053e+30 1.087379319284985e+19 7.992461373337749e+35 
1.50839e+12 2.27489e+30 1.098909131967675e+19 8.991321251989167e+35 
1.67630e+12 2.44298e+30 1.109455524358580e+19 9.990475251349447e+35 
2.51596e+12 3.34989e+30 1.153056538121447e+19 1.498534328475101e+36 
3.35601e+12 4.36587e+30 1.187756969284576e+19 1.998038214471892e+36 
5.03690e+12 6.67576e+30 1.243178715748121e+19 2.997007729309423e+36 
8.40142e+12 1.21275e+31 1.325304859655922e+19 4.995021640970747e+36 
1.34528e+13 2.16816e+31 1.413707245588282e+19 7.991923319180161e+36 
1.68230e+13 2.86603e+31 1.459865779484512e+19 9.989951333291875e+36 
2.52547e+13 4.74570e+31 1.549991451707509e+19 1.498481091869930e+37 
3.36932e+13 6.75290e+31 1.618328200359644e+19 1.997935263831005e+37 
5.05886e+13 1.10339e+32 1.720779095413068e+19 2.996967370443495e+37 
6.74999e+13 1.57008e+32 1.799974129034052e+19 3.995946434054124e+37 
8.44254e+13 2.09500e+32 1.869006275257448e+19 4.994948134791167e+37 
1.01361e+14 2.70851e+32 1.934877939220754e+19 5.993800766650287e+37 
1.26792e+14 3.87725e+32 2.036865059818366e+19 7.492319448281967e+37 
1.35277e+14 4.35518e+32 2.073203460344857e+19 7.991909664587739e+37 
1.43765e+14 4.88824e+32 2.111260242256135e+19 8.491469870490956e+37 
1.48858e+14 5.23759e+32 2.135043693044684e+19 8.791114342258775e+37 
1.52255e+14 5.48371e+32 2.151325901345071e+19 8.990930763936161e+37 
1.55651e+14 5.74064e+32 2.167946760620123e+19 9.190651797818393e+37 
1.59050e+14 6.00809e+32 2.184873119008727e+19 9.390511943437594e+37 
1.60751e+14 6.14529e+32 2.193417299443919e+19 9.490516025047263e+37 
1.62447e+14 6.28408e+32 2.201969307601286e+19 9.590216657701447e+37 
1.63299e+14 6.35370e+32 2.206229829977725e+19 9.640298079521687e+37 
1.65853e+14 6.40452e+32 2.209305990605053e+19 9.790419905493923e+37 
1.67554e+14 6.59196e+32 2.220457547872748e+19 9.890400146839380e+37 
1.69254e+14 6.78432e+32 2.231829390443901e+19 9.990304346767111e+37 
1.90013e+14 9.55082e+32 2.384814317466585e+19 1.120916627685062e+38 
2.03305e+14 1.17556e+33 2.496197516596484e+19 1.198844581305853e+38 
2.13353e+14 1.36618e+33 2.587058190179194e+19 1.257687202426965e+38 
2.39608e+14 1.96613e+33 2.849482152717085e+19 1.411142806392771e+38 
2.54600e+14 2.37687e+33 3.014045775249245e+19 1.498558321478498e+38 
2.69174e+14 2.82452e+33 3.183071390607039e+19 1.583378903790051e+38 
5.00000e+14 1.77000e+34 6.856999209438777e+19 2.900714750610010e+38 
1.00000e+15 1.52000e+35 2.252699797122648e+20 5.481467342519749e+38 
2.00000e+15 9.20000e+35 6.060626272966921e+20 9.280237389403654e+38 
5.00000e+15 4.87000e+36 1.257172336559233e+21 1.549555850931073e+39 
