356
1.63101e+01 1.39972e+13 1.000000000000000e+00 9.825342263482917e+24 
1.64493e+05 1.15077e+21 1.640659348801348e+16 9.909113369061888e+28 
4.13321e+05 5.26499e+21 3.100834722453276e+16 2.489837045295549e+29 
2.60763e+06 9.75309e+22 9.865413628408600e+16 1.570753787780519e+30 
8.24753e+06 5.25802e+23 1.821988181778237e+17 4.967739699266039e+30 
6.55286e+07 1.00580e+25 4.858950724095270e+17 3.946049063184615e+31 
1.30779e+08 2.60353e+25 6.526988975778600e+17 7.874271490959018e+31 
2.60961e+08 6.67474e+25 8.660648959925696e+17 1.570985427964494e+32 
5.20829e+08 1.62867e+26 1.118601193849231e+18 3.134711371085194e+32 
8.25548e+08 3.02847e+26 1.328744595648165e+18 4.967862842385106e+32 
1.03927e+09 4.12823e+26 1.448058407888940e+18 6.253343791608226e+32 
1.30878e+09 5.03494e+26 1.525645472720595e+18 7.874234884481994e+32 
1.64791e+09 6.85869e+26 1.648214747139688e+18 9.913590421285655e+32 
2.61160e+09 1.27174e+27 1.926349666813843e+18 1.570737274371712e+33 
4.14116e+09 2.35559e+27 2.250918760901150e+18 2.490011085487496e+33 
6.56481e+09 4.36115e+27 2.630318836346419e+18 3.946060008621379e+33 
1.04026e+10 7.70049e+27 3.028910402959722e+18 6.250711468705259e+33 
1.64990e+10 1.42471e+28 3.520251514360567e+18 9.909830818147929e+33 
2.07854e+10 1.93763e+28 3.796686674903784e+18 1.248146966902625e+34 
2.61658e+10 2.50254e+28 4.038007518777075e+18 1.570854477281639e+34 
3.29483e+10 3.40333e+28 4.342659315144946e+18 1.977537511407290e+34 
4.14913e+10 4.62698e+28 4.672831808089178e+18 2.489599139679108e+34 
5.22519e+10 5.94789e+28 4.955427964829177e+18 3.134359196318553e+34 
6.58072e+10 8.08735e+28 5.317548590002440e+18 3.946293240238355e+34 
8.28632e+10 1.09978e+29 5.709677047466243e+18 4.967470812235351e+34 
1.04325e+11 1.49469e+29 6.132475115880245e+18 6.251838869363388e+34 
1.65488e+11 2.59657e+29 6.965688686120502e+18 9.909431594844941e+34 
1.83388e+11 2.89135e+29 7.134581076446020e+18 1.097937307805304e+35 
2.08451e+11 3.28928e+29 7.337572209595727e+18 1.247705377569529e+35 
2.62552e+11 4.47218e+29 7.837731737278950e+18 1.570879034612671e+35 
4.43554e+11 7.88839e+29 8.934991991119730e+18 2.650816592845452e+35 
5.19932e+11 8.35031e+29 9.031037696391675e+18 3.106348935312509e+35 
6.57375e+11 9.09611e+29 9.158299410580327e+18 3.925978896656117e+35 
7.92032e+11 9.82905e+29 9.259547810877338e+18 4.728896102953199e+35 
9.67467e+11 1.08278e+30 9.373193828082604e+18 5.774828159484965e+35 
1.46293e+12 1.39871e+30 9.640539289116826e+18 8.728101581262759e+35 
2.50408e+12 1.65404e+30 9.775468691935441e+18 1.493259098927304e+36 
3.74614e+12 3.25446e+30 1.020605539174114e+19 2.233383676274667e+36 
8.38411e+12 1.25990e+31 1.181294038265373e+19 4.993054069025868e+36 
1.67845e+13 2.59460e+31 1.290529086817121e+19 9.984167128666841e+36 
2.51957e+13 4.69613e+31 1.390612121395195e+19 1.497606502750834e+37 
3.36155e+13 7.25206e+31 1.477600997458915e+19 1.996793913347872e+37 
4.20431e+13 1.01813e+32 1.554984633212624e+19 2.495980417680895e+37 
5.04778e+13 1.34511e+32 1.625556298764159e+19 2.995179153900534e+37 
5.89187e+13 1.70481e+32 1.691168077887027e+19 3.494369430076856e+37 
6.73655e+13 2.09690e+32 1.753094529053593e+19 3.993553731616800e+37 
7.58181e+13 2.52174e+32 1.812248807319050e+19 4.492749583262839e+37 
8.42762e+13 2.98006e+32 1.869303272729956e+19 4.991938663776562e+37 
9.27395e+13 3.47289e+32 1.924770982691122e+19 5.491130927849910e+37 
1.01208e+14 4.00146e+32 1.978949236614441e+19 5.990330259107858e+37 
1.05281e+14 4.50663e+32 2.027637674086704e+19 6.230309019936107e+37 
1.12812e+14 5.12651e+32 2.084264277448973e+19 6.673691007034831e+37 
1.19900e+14 5.77776e+32 2.139931457525099e+19 7.090761336753378e+37 
1.78986e+14 1.47087e+33 2.725383213746933e+19 1.055589080475349e+38 
2.21957e+14 2.63342e+33 3.296663534995523e+19 1.305950323519145e+38 
2.58120e+14 4.01184e+33 3.861280645725404e+19 1.515308361822519e+38 
2.89773e+14 5.57528e+33 4.420580329565059e+19 1.697415480046540e+38 
3.18500e+14 7.30341e+33 4.981252418719932e+19 1.861541357082471e+38 
4.28293e+14 9.37621e+33 5.530925379081795e+19 2.485180206880625e+38 
5.58635e+14 1.21953e+34 6.087146690572801e+19 3.221280814695203e+38 
6.17231e+14 1.54923e+34 6.630126491745522e+19 3.550292286530731e+38 
6.59300e+14 1.90590e+34 7.171791386185740e+19 3.785023850002668e+38 
6.92527e+14 2.28288e+34 7.710528433499152e+19 3.969301086280163e+38 
7.20566e+14 2.67565e+34 8.245321900564451e+19 4.123873810381625e+38 
7.45468e+14 3.08263e+34 8.777159048468996e+19 4.260338791312097e+38 
7.68341e+14 3.50213e+34 9.305738235197014e+19 4.384940062022446e+38 
7.89881e+14 3.93324e+34 9.831125171475387e+19 4.501601162111105e+38 
8.10534e+14 4.37523e+34 1.035329094173579e+20 4.612804377979767e+38 
8.30601e+14 4.82774e+34 1.087234661024158e+20 4.720225730003172e+38 
8.50294e+14 5.29040e+34 1.138828149165465e+20 4.825037830063686e+38 
8.69765e+14 5.76302e+34 1.190115740404076e+20 4.928081874534540e+38 
8.89128e+14 6.24543e+34 1.241097882503906e+20 5.029968873020284e+38 
9.08469e+14 6.73758e+34 1.291782388575232e+20 5.131169265141532e+38 
9.27861e+14 7.23940e+34 1.342171678950382e+20 5.232061666956185e+38 
9.47355e+14 7.75090e+34 1.392271059674782e+20 5.332926300844689e+38 
9.67003e+14 8.27205e+34 1.442079871143291e+20 5.434020532176898e+38 
9.86842e+14 8.80288e+34 1.491603765655574e+20 5.535533260524631e+38 
1.00691e+15 9.34347e+34 1.540847362442233e+20 5.637641592044866e+38 
1.02723e+15 9.89383e+34 1.589809869773955e+20 5.740501432855059e+38 
1.04784e+15 1.04541e+35 1.638497508994902e+20 5.844230542047948e+38 
1.06876e+15 1.10243e+35 1.686912943034852e+20 5.948962306514902e+38 
1.09001e+15 1.16046e+35 1.735060477902413e+20 6.054801364522631e+38 
1.11162e+15 1.21950e+35 1.782941503883351e+20 6.161859944337474e+38 
1.13362e+15 1.27957e+35 1.830557570840617e+20 6.270230342511774e+38 
1.15602e+15 1.34069e+35 1.877916483652111e+20 6.380003761891099e+38 
1.17884e+15 1.40286e+35 1.925015456142278e+20 6.491278539296282e+38 
1.20211e+15 1.46610e+35 1.971860823472181e+20 6.604134251879642e+38 
1.22586e+15 1.53050e+35 2.018499524810798e+20 6.718734866777546e+38 
1.25008e+15 1.59586e+35 2.064798442349442e+20 6.834960218593949e+38 
1.27482e+15 1.66241e+35 2.110892684789213e+20 6.953100356213489e+38 
1.30009e+15 1.73010e+35 2.156752008244196e+20 7.073177950442502e+38 
1.32592e+15 1.79895e+35 2.202368408783769e+20 7.195282796707059e+38 
1.35234e+15 1.86898e+35 2.247752232984249e+20 7.319503697779043e+38 
1.37935e+15 1.94018e+35 2.292882915396939e+20 7.445927741922223e+38 
1.40700e+15 2.01262e+35 2.337789962157114e+20 7.574641132737127e+38 
1.43530e+15 2.08632e+35 2.382481388884438e+20 7.705769486333160e+38 
1.46429e+15 2.16127e+35 2.426935594908408e+20 7.839387534358127e+38 
1.49409e+15 2.23748e+35 2.471148758970256e+20 7.976068372062808e+38 
1.52442e+15 2.31508e+35 2.515174876453464e+20 8.114512355423785e+38 
1.55561e+15 2.39398e+35 2.558965814484868e+20 8.256232289759019e+38 
1.58761e+15 2.47427e+35 2.602542886664047e+20 8.400874564939087e+38 
1.62044e+15 2.55596e+35 2.645910174819660e+20 8.548555113751972e+38 
1.65413e+15 2.63906e+35 2.689052354137743e+20 8.699382353505089e+38 
1.68689e+15 2.72367e+35 2.732023928809106e+20 8.845338308187222e+38 
1.71732e+15 2.80958e+35 2.774764025913416e+20 8.980323995855025e+38 
1.74821e+15 2.89680e+35 2.817307022433468e+20 9.116642899599783e+38 
1.77955e+15 2.98535e+35 2.859653979401966e+20 9.254292401311231e+38 
1.81134e+15 3.07521e+35 2.901793006068065e+20 9.393283499779945e+38 
1.84360e+15 3.16644e+35 2.943742398688758e+20 9.533665701343637e+38 
1.87630e+15 3.25902e+35 2.985497821672172e+20 9.675325738018270e+38 
1.90949e+15 3.35297e+35 3.027055389872737e+20 9.818405408985147e+38 
1.94314e+15 3.44831e+35 3.068425203014286e+20 9.962815180657465e+38 
1.97727e+15 3.54505e+35 3.109603215766857e+20 1.010861907368320e+39 
2.01188e+15 3.64321e+35 3.150599124152036e+20 1.025580423306665e+39 
2.04699e+15 3.74278e+35 3.191402203419454e+20 1.040443365505649e+39 
2.08258e+15 3.84379e+35 3.232021804686828e+20 1.055441928375620e+39 
2.11866e+15 3.94626e+35 3.272461058799634e+20 1.070574850068131e+39 
2.15525e+15 4.05019e+35 3.312715630503683e+20 1.085855887971900e+39 
2.19234e+15 4.15561e+35 3.352794704418921e+20 1.101276246584299e+39 
2.22993e+15 4.26251e+35 3.392694731875158e+20 1.116834686362413e+39 
2.26803e+15 4.37092e+35 3.432417674727426e+20 1.132537400279518e+39 
2.30665e+15 4.48086e+35 3.471966521716687e+20 1.148383039061662e+39 
2.34581e+15 4.59233e+35 3.511343053569541e+20 1.164377681918454e+39 
2.38548e+15 4.70536e+35 3.550549807237530e+20 1.180512732357935e+39 
2.42569e+15 4.81994e+35 3.589583069168294e+20 1.196794245253239e+39 
2.46644e+15 4.93609e+35 3.628445531773167e+20 1.213220900004845e+39 
2.50771e+15 5.05384e+35 3.667144338158937e+20 1.229791489840204e+39 
2.54954e+15 5.17319e+35 3.705676255906836e+20 1.246511896939071e+39 
2.59191e+15 5.29416e+35 3.744043666935690e+20 1.263373707372003e+39 
2.63484e+15 5.41677e+35 3.782248262894875e+20 1.280389882199678e+39 
2.67835e+15 5.54100e+35 3.820286791259233e+20 1.297559132197445e+39 
2.72239e+15 5.66693e+35 3.858171076912930e+20 1.314866146493549e+39 
2.76702e+15 5.79451e+35 3.895893502557136e+20 1.332330660528860e+39 
2.81222e+15 5.92380e+35 3.933460332353835e+20 1.349944439335746e+39 
2.85800e+15 6.05478e+35 3.970868612683807e+20 1.367713158256313e+39 
2.90436e+15 6.18749e+35 4.008124751338751e+20 1.385628624649846e+39 
2.95133e+15 6.32192e+35 4.045221343721017e+20 1.403703364477207e+39 
2.99886e+15 6.45811e+35 4.082168904824621e+20 1.421922410441332e+39 
3.04702e+15 6.59607e+35 4.118968917529311e+20 1.440304975699296e+39 
3.09576e+15 6.73580e+35 4.155614390623417e+20 1.458836169031910e+39 
3.14511e+15 6.87732e+35 4.192111149411042e+20 1.477521543988600e+39 
3.19509e+15 7.02066e+35 4.228460532375391e+20 1.496366588353567e+39 
3.24567e+15 7.16582e+35 4.264664110272262e+20 1.515363298006810e+39 
3.29688e+15 7.31282e+35 4.300723375140968e+20 1.534517110715223e+39 
3.34872e+15 7.46168e+35 4.336639232020074e+20 1.553833472833336e+39 
3.40119e+15 7.61239e+35 4.372409490310817e+20 1.573304425005300e+39 
3.45430e+15 7.76500e+35 4.408039278891643e+20 1.592935336382592e+39 
3.50806e+15 7.91951e+35 4.443529783046667e+20 1.612724947416402e+39 
3.56247e+15 8.07593e+35 4.478878663528782e+20 1.632678525785026e+39 
3.61753e+15 8.23429e+35 4.514090541576279e+20 1.652788319356260e+39 
3.67326e+15 8.39459e+35 4.549163129165933e+20 1.673066060978094e+39 
3.72963e+15 8.55685e+35 4.584101268780093e+20 1.693497496913160e+39 
3.78668e+15 8.72109e+35 4.618902541876922e+20 1.714094334952509e+39 
3.84443e+15 8.88733e+35 4.653571343705842e+20 1.734861708989006e+39 
3.90284e+15 9.05557e+35 4.688105460573756e+20 1.755785529073320e+39 
3.96194e+15 9.22585e+35 4.722509276810504e+20 1.776877317157125e+39 
4.02171e+15 9.39816e+35 4.756780476923579e+20 1.798129478430937e+39 
4.08220e+15 9.57252e+35 4.790920403860003e+20 1.819553362686728e+39 
4.14337e+15 9.74896e+35 4.824932781893888e+20 1.841135175512861e+39 
4.20527e+15 9.92750e+35 4.858818872624740e+20 1.862892442861932e+39 
4.26788e+15 1.01081e+36 4.892573245731106e+20 1.884817661084889e+39 
4.33119e+15 1.02909e+36 4.926206078149413e+20 1.906903310485737e+39 
4.39525e+15 1.04758e+36 4.959709200597127e+20 1.929166822073687e+39 
4.46001e+15 1.06628e+36 4.993089577779070e+20 1.951594477839050e+39 
4.52553e+15 1.08520e+36 5.026347697058580e+20 1.974197426195162e+39 
4.59178e+15 1.10435e+36 5.059481818209123e+20 1.996968193496740e+39 
4.65876e+15 1.12371e+36 5.092495457670049e+20 2.019905578389223e+39 
4.72650e+15 1.14329e+36 5.125386668743899e+20 2.043020527833534e+39 
4.79501e+15 1.16310e+36 5.158159026315650e+20 2.066311709677786e+39 
4.86427e+15 1.18313e+36 5.190810488212243e+20 2.089771846798714e+39 
4.93430e+15 1.20339e+36 5.223347200831517e+20 2.113405689771558e+39 
5.00509e+15 1.22387e+36 5.255764457139498e+20 2.137212050115274e+39 
5.07669e+15 1.24459e+36 5.288065822179289e+20 2.161201553551587e+39 
5.14905e+15 1.26554e+36 5.320249214391648e+20 2.185361058568082e+39 
5.22219e+15 1.28673e+36 5.352320591295220e+20 2.209695205876752e+39 
5.29614e+15 1.30815e+36 5.384277766817210e+20 2.234208749812984e+39 
5.37089e+15 1.32980e+36 5.416119301374016e+20 2.258900353580972e+39 
5.44646e+15 1.35170e+36 5.447850496107999e+20 2.283774630221266e+39 
5.52283e+15 1.37383e+36 5.479469550069520e+20 2.308824462503439e+39 
5.60002e+15 1.39621e+36 5.510979209135389e+20 2.334054481377018e+39 
5.67803e+15 1.41883e+36 5.542377929715338e+20 2.359463393960998e+39 
5.75688e+15 1.44170e+36 5.573666486112323e+20 2.385055694935512e+39 
5.83655e+15 1.46482e+36 5.604847357780462e+20 2.410824423069421e+39 
5.91707e+15 1.48818e+36 5.635919182892575e+20 2.436779784479932e+39 
5.99845e+15 1.51180e+36 5.666884502744115e+20 2.462920517930319e+39 
6.08067e+15 1.53567e+36 5.697743605432410e+20 2.489239708657002e+39 
6.16376e+15 1.55979e+36 5.728497218163398e+20 2.515747446816250e+39 
6.24770e+15 1.58417e+36 5.759145842626488e+20 2.542436776174771e+39 
6.33252e+15 1.60881e+36 5.789688088565927e+20 2.569312088708161e+39 
6.41821e+15 1.63372e+36 5.820142008229657e+20 2.596372131729036e+39 
6.50480e+15 1.65887e+36 5.850467005060403e+20 2.623621311188759e+39 
6.59227e+15 1.68429e+36 5.880700462630971e+20 2.651058375088034e+39 
6.68064e+15 1.70998e+36 5.910840765637455e+20 2.678681995523004e+39 
6.76989e+15 1.73595e+36 5.940886240354662e+20 2.706490912846569e+39 
6.86008e+15 1.76217e+36 5.970816949843811e+20 2.734495000636087e+39 
6.95115e+15 1.78866e+36 6.000650048616694e+20 2.762681924372500e+39 
7.04317e+15 1.81543e+36 6.030384033205225e+20 2.791066987934180e+39 
7.13610e+15 1.84247e+36 6.060017535753901e+20 2.819637931732390e+39 
7.22996e+15 1.86980e+36 6.089566681705198e+20 2.848398955993270e+39 
7.32477e+15 1.89740e+36 6.119012578174152e+20 2.877359717111884e+39 
7.42052e+15 1.92527e+36 6.148354191256021e+20 2.906508048263167e+39 
7.51721e+15 1.95343e+36 6.177607018083908e+20 2.935848167309782e+39 
7.61488e+15 1.98188e+36 6.206769543730809e+20 2.965389592143560e+39 
7.71349e+15 2.01060e+36 6.235824206013465e+20 2.995120275769135e+39 
7.81308e+15 2.03962e+36 6.264802089416179e+20 3.025049701417679e+39 
7.91364e+15 2.06892e+36 6.293669955631869e+20 3.055171245637987e+39 
8.01518e+15 2.09852e+36 6.322458124020236e+20 3.085489026571466e+39 
8.11771e+15 2.12841e+36 6.351149604813081e+20 3.116007091857712e+39 
8.22125e+15 2.15861e+36 6.379758518172080e+20 3.146724137406967e+39 
8.32578e+15 2.18909e+36 6.408268275382451e+20 3.177638960644011e+39 
8.43132e+15 2.21986e+36 6.436678108319315e+20 3.208755528238621e+39 
8.53787e+15 2.25095e+36 6.465016272311458e+20 3.240067318783056e+39 
8.64545e+15 2.28233e+36 6.493252291238324e+20 3.271583545552899e+39 
8.75404e+15 2.31403e+36 6.521413748835983e+20 3.303297736826654e+39 
8.86367e+15 2.34602e+36 6.549471157432730e+20 3.335213812771131e+39 
8.97435e+15 2.37833e+36 6.577451407288090e+20 3.367335742608779e+39 
9.08607e+15 2.41095e+36 6.605339211098156e+20 3.399657158769307e+39 
9.19883e+15 2.44388e+36 6.633147553413444e+20 3.432181805041205e+39 
9.31267e+15 2.47712e+36 6.660861631721228e+20 3.464913617645948e+39 
9.42757e+15 2.51068e+36 6.688493695951861e+20 3.497851350767805e+39 
9.54353e+15 2.54455e+36 6.716042677090360e+20 3.530988607063266e+39 
9.66059e+15 2.57875e+36 6.743507109926363e+20 3.564339533033692e+39 
9.77872e+15 2.61329e+36 6.770899087688512e+20 3.597892493715871e+39 
9.89795e+15 2.64813e+36 6.798192058749547e+20 3.631656418013384e+39 
1.00183e+16 2.68331e+36 6.825410160370135e+20 3.665625013512347e+39 
1.01397e+16 2.71880e+36 6.852539587604705e+20 3.699802200760596e+39 
1.02623e+16 2.75464e+36 6.879592044629479e+20 3.734191527903577e+39 
1.03859e+16 2.79081e+36 6.906566199187328e+20 3.768786802035708e+39 
1.05107e+16 2.82730e+36 6.933449205007349e+20 3.803596739290253e+39 
1.06366e+16 2.86414e+36 6.960263445825812e+20 3.838615177444485e+39 
1.07637e+16 2.90130e+36 6.986984805971404e+20 3.873850681813602e+39 
1.08919e+16 2.93882e+36 7.013635649744372e+20 3.909292007424400e+39 
1.10213e+16 2.97668e+36 7.040214096835046e+20 3.944952942098655e+39 
1.11518e+16 3.01489e+36 7.066708514491173e+20 3.980822130526521e+39 
1.12835e+16 3.05343e+36 7.093117923030360e+20 4.016908225964700e+39 
1.14164e+16 3.09234e+36 7.119463026546728e+20 4.053210032017750e+39 
1.15504e+16 3.13158e+36 7.145721473845085e+20 4.089726130272282e+39 
1.16856e+16 3.17118e+36 7.171903049140708e+20 4.126455354589074e+39 
1.18221e+16 3.21114e+36 7.198017159240095e+20 4.163406164942214e+39 
1.19597e+16 3.25145e+36 7.224042131282134e+20 4.200572414889144e+39 
1.20985e+16 3.29213e+36 7.250008119082894e+20 4.237957619140404e+39 
1.22386e+16 3.33316e+36 7.275883316996824e+20 4.275565400319871e+39 
1.23799e+16 3.37456e+36 7.301697357293157e+20 4.313384859990797e+39 
1.25224e+16 3.41632e+36 7.327429298415615e+20 4.351429058409861e+39 
1.26661e+16 3.45845e+36 7.353088074816094e+20 4.389696791111077e+39 
1.28111e+16 3.50097e+36 7.378682576733659e+20 4.428181972543625e+39 
1.29574e+16 3.54383e+36 7.404192692465129e+20 4.466888094535777e+39 
1.31049e+16 3.58708e+36 7.429636627757276e+20 4.505818655561541e+39 
1.32536e+16 3.63071e+36 7.455013424236546e+20 4.544972344468246e+39 
1.34037e+16 3.67472e+36 7.480313016366941e+20 4.584347867397365e+39 
1.35550e+16 3.71910e+36 7.505543541862261e+20 4.623953452517328e+39 
1.37076e+16 3.76386e+36 7.530695465184040e+20 4.663778356072358e+39 
1.38615e+16 3.80902e+36 7.555785811886062e+20 4.703830708387971e+39 
1.40167e+16 3.85456e+36 7.580804696052264e+20 4.744109265230582e+39 
1.41732e+16 3.90048e+36 7.605751516692985e+20 4.784617306798414e+39 
1.43311e+16 3.94681e+36 7.630634033506706e+20 4.825353610729373e+39 
1.44902e+16 3.99352e+36 7.655442899072135e+20 4.866312309229150e+39 
1.46507e+16 4.04063e+36 7.680185717189541e+20 4.907505985682240e+39 
1.48125e+16 4.08814e+36 7.704862023190138e+20 4.948924017315082e+39 
1.49757e+16 4.13605e+36 7.729470573571376e+20 4.990574521283992e+39 
1.51402e+16 4.18436e+36 7.754010884271019e+20 5.032456076978162e+39 
1.53061e+16 4.23309e+36 7.778490236993621e+20 5.074571951161814e+39 
1.54733e+16 4.28220e+36 7.802891746296854e+20 5.116916428771701e+39 
1.56420e+16 4.33173e+36 7.827230786666322e+20 5.159492731328612e+39 
1.58120e+16 4.38167e+36 7.851506435945776e+20 5.202304137429181e+39 
1.59834e+16 4.43203e+36 7.875718013678993e+20 5.245349309065029e+39 
1.61562e+16 4.48281e+36 7.899864713947454e+20 5.288631478353779e+39 
1.63304e+16 4.53401e+36 7.923945788782202e+20 5.332144944032025e+39 
1.65060e+16 4.58562e+36 7.947960525862031e+20 5.375897373381324e+39 
1.66830e+16 4.63765e+36 7.971908352327271e+20 5.419883026994965e+39 
1.68615e+16 4.69012e+36 7.995803149359160e+20 5.464109514756339e+39 
1.70414e+16 4.74300e+36 8.019622440095457e+20 5.508571102897381e+39 
1.72228e+16 4.79633e+36 8.043387060601520e+20 5.553271050889147e+39 
1.74056e+16 4.85008e+36 8.067089292744003e+20 5.598212325527122e+39 
1.75898e+16 4.90426e+36 8.090721287587436e+20 5.643389426306425e+39 
1.77756e+16 4.95888e+36 8.114296417938928e+20 5.688809812147791e+39 
1.79628e+16 5.01395e+36 8.137814123802720e+20 5.734472037403986e+39 
1.81515e+16 5.06944e+36 8.161259694204138e+20 5.780388123579894e+39 
1.83417e+16 5.12539e+36 8.184653084184923e+20 5.826530624304332e+39 
1.85333e+16 5.18179e+36 8.207986656128704e+20 5.872898488091412e+39 
1.87265e+16 5.23863e+36 8.231253406985235e+20 5.919533436328964e+39 
1.89211e+16 5.29592e+36 8.254465729059687e+20 5.966391231685455e+39 
1.91173e+16 5.35365e+36 8.277610032100454e+20 6.013513532675151e+39 
1.93152e+16 5.41186e+36 8.300704992112112e+20 6.060898878643084e+39 
1.95144e+16 5.47052e+36 8.323736749071000e+20 6.108503633779153e+39 
1.97153e+16 5.52963e+36 8.346705331180364e+20 6.156368807520752e+39 
1.99176e+16 5.58922e+36 8.369622305969718e+20 6.204450876529311e+39 
2.01217e+16 5.64926e+36 8.392474621969607e+20 6.252833290383140e+39 
2.03272e+16 5.70977e+36 8.415274074875742e+20 6.301430069637517e+39 
2.05343e+16 5.77076e+36 8.438013683592659e+20 6.350282408705380e+39 
2.07428e+16 5.83220e+36 8.460693386548972e+20 6.399346790319418e+39 
2.09531e+16 5.89413e+36 8.483318350588458e+20 6.448705902485076e+39 
2.11650e+16 5.95654e+36 8.505887313179746e+20 6.498316923960637e+39 
2.13785e+16 6.01943e+36 8.528400486865384e+20 6.548177998805969e+39 
2.15937e+16 6.08280e+36 8.550856959575436e+20 6.598288115545647e+39 
2.18104e+16 6.14664e+36 8.573255892504742e+20 6.648646252273295e+39 
2.20287e+16 6.21099e+36 8.595602747217860e+20 6.699250858870634e+39 
2.22486e+16 6.27582e+36 8.617891409743715e+20 6.750100706476699e+39 
2.24704e+16 6.34112e+36 8.640120890365478e+20 6.801236050919276e+39 
2.26937e+16 6.40694e+36 8.662301933718277e+20 6.852614125535906e+39 
2.29186e+16 6.47326e+36 8.684428542854942e+20 6.904233722808054e+39 
2.31453e+16 6.54006e+36 8.706494289202035e+20 6.956134922050002e+39 
2.33736e+16 6.60737e+36 8.728509933575016e+20 7.008275100956046e+39 
2.36035e+16 6.67519e+36 8.750474730496398e+20 7.060653211797112e+39 
2.38352e+16 6.74351e+36 8.772382543953997e+20 7.113308921494318e+39 
2.40687e+16 6.81234e+36 8.794238417308727e+20 7.166240509635564e+39 
2.43040e+16 6.88168e+36 8.816041668133511e+20 7.219446695424183e+39 
2.45408e+16 6.95152e+36 8.837786504999968e+20 7.272886194606245e+39 
2.47793e+16 7.02191e+36 8.859487706453966e+20 7.326557633497004e+39 
2.50198e+16 7.09279e+36 8.881129867666424e+20 7.380539931693119e+39 
2.52618e+16 7.16420e+36 8.902722221756892e+20 7.434751812769509e+39 
2.55058e+16 7.23614e+36 8.924263959285544e+20 7.489272011887367e+39 
2.57514e+16 7.30860e+36 8.945754882163228e+20 7.544019302370769e+39 
2.59988e+16 7.38158e+36 8.967189835433568e+20 7.599032239272889e+39 
2.62479e+16 7.45511e+36 8.988577401561926e+20 7.654309840619942e+39 
2.64989e+16 7.52916e+36 9.009912606247236e+20 7.709850669973434e+39 
2.67516e+16 7.60376e+36 9.031199575884806e+20 7.765653471542187e+39 
2.70063e+16 7.67890e+36 9.052437864967141e+20 7.821756143142382e+39 
2.72626e+16 7.75457e+36 9.073622190712069e+20 7.878079209480359e+39 
2.75208e+16 7.83079e+36 9.094756680226233e+20 7.934699741474738e+39 
2.77810e+16 7.90755e+36 9.115841050632414e+20 7.991616107888645e+39 
2.80429e+16 7.98487e+36 9.136879091049352e+20 8.048749252415280e+39 
2.83066e+16 8.06273e+36 9.157865777582105e+20 8.106175958133930e+39 
2.85722e+16 8.14116e+36 9.178805137713027e+20 8.163855982198652e+39 
2.88397e+16 8.22015e+36 9.199696776777632e+20 8.221826665726600e+39 
2.91092e+16 8.29968e+36 9.220535892664978e+20 8.280086747759793e+39 
2.93805e+16 8.37979e+36 9.241330353846895e+20 8.338596516456063e+39 
2.96535e+16 8.46045e+36 9.262075568844308e+20 8.397354819429928e+39 
2.99287e+16 8.54170e+36 9.282775148504294e+20 8.456437050119113e+39 
3.02057e+16 8.62351e+36 9.303424754280450e+20 8.515765159628354e+39 
3.04846e+16 8.70589e+36 9.324027931828507e+20 8.575376198729428e+39 
3.07653e+16 8.78885e+36 9.344584040002819e+20 8.635231068685619e+39 
3.10482e+16 8.87238e+36 9.365092707405110e+20 8.695404414486654e+39 
3.13328e+16 8.95650e+36 9.385553651760689e+20 8.755818986585330e+39 
3.16196e+16 9.04120e+36 9.405970289404643e+20 8.816549200229270e+39 
3.19081e+16 9.12648e+36 9.426338322729384e+20 8.877518312802147e+39 
3.21988e+16 9.21236e+36 9.446661002740767e+20 8.938800558518356e+39 
3.24915e+16 9.29883e+36 9.466937909213714e+20 9.000356983821084e+39 
3.27861e+16 9.38589e+36 9.487168816306136e+20 9.062186172994003e+39 
3.30826e+16 9.47355e+36 9.507356744242695e+20 9.124287169831975e+39 
3.33814e+16 9.56182e+36 9.527497957173637e+20 9.186695583381395e+39 
3.36818e+16 9.65067e+36 9.547591906646740e+20 9.249335943397003e+39 
3.39847e+16 9.74015e+36 9.567644995652251e+20 9.312318828542496e+39 
3.42892e+16 9.83022e+36 9.587650083555087e+20 9.375531270220011e+39 
3.45962e+16 9.92092e+36 9.607613894555040e+20 9.439082948741710e+39 
3.49049e+16 1.00122e+37 9.627532149371660e+20 9.502862226929884e+39 
3.52159e+16 1.01041e+37 9.647404942503164e+20 9.566977847388272e+39 
3.55288e+16 1.01967e+37 9.667235042293761e+20 9.631355288153631e+39 
3.58438e+16 1.02898e+37 9.687021831414042e+20 9.695993663270590e+39 
3.61610e+16 1.03836e+37 9.706765222025210e+20 9.760964469598503e+39 
3.64802e+16 1.04780e+37 9.726464826938217e+20 9.826193392074504e+39 
3.68016e+16 1.05731e+37 9.746120064405415e+20 9.891715903445224e+39 
3.71250e+16 1.06688e+37 9.765734060977774e+20 9.957530487670815e+39 
3.74507e+16 1.07651e+37 9.785303250143107e+20 1.002363576225004e+40 
3.77784e+16 1.08620e+37 9.804833584825331e+20 1.009003063419198e+40 
3.81083e+16 1.09596e+37 9.824317980891350e+20 1.015671413051930e+40 
