85
7.87051e+00 1.01091e+09 1.00000e-00 4.74127e+24 
7.90684e+00 1.01091e+10 1.14465e+09 4.76316e+24 
8.16588e+00 1.01091e+11 1.25444e+10 4.91920e+24 
1.16146e+01 1.20979e+12 1.20807e+11 6.99675e+24 
1.64060e+01 1.39865e+13 1.01555e+12 9.88313e+24 
4.51859e+01 1.70103e+14 6.07187e+12 2.72204e+25 
2.12326e+02 5.81715e+15 4.86257e+13 1.27907e+26 
1.15081e+03 1.89981e+17 3.20266e+14 6.93259e+26 
1.04473e+04 9.74340e+18 2.08382e+15 6.29355e+27 
2.62424e+04 4.97406e+19 4.30045e+15 1.58086e+28 
6.59178e+04 2.43058e+20 8.58007e+15 3.97093e+28 
1.65578e+05 1.15003e+21 1.65905e+16 9.97447e+28 
4.16201e+05 5.26879e+21 3.11045e+16 2.50718e+29 
1.04545e+06 2.31585e+22 5.62752e+16 6.29765e+29 
2.62605e+06 9.76586e+22 9.81480e+16 1.58185e+30 
6.59786e+06 3.91121e+23 1.64933e+17 3.97415e+30 
8.30621e+06 5.25909e+23 1.83073e+17 5.00307e+30 
1.65731e+07 1.43519e+24 2.57190e+17 9.98190e+30 
3.30676e+07 3.83363e+24 3.56087e+17 1.99149e+31 
6.59938e+07 1.00603e+25 4.84848e+17 3.97406e+31 
1.31705e+08 2.60442e+25 6.50546e+17 7.93004e+31 
2.62786e+08 6.67745e+25 8.64262e+17 1.58197e+32 
3.30905e+08 8.73797e+25 9.33882e+17 1.99192e+32 
5.24448e+08 1.62934e+26 1.11157e+18 3.15651e+32 
8.31386e+08 3.02908e+26 1.32035e+18 5.00302e+32 
1.04665e+09 4.12963e+26 1.43891e+18 6.29780e+32 
1.31796e+09 5.03629e+26 1.51596e+18 7.92951e+32 
1.66117e+09 7.54641e+26 1.68254e+18 9.99338e+32 
2.15980e+09 1.06223e+27 1.84446e+18 1.29913e+33 
2.65854e+09 1.39175e+27 1.98151e+18 1.59893e+33 
3.32363e+09 1.85995e+27 2.13841e+18 1.99867e+33 
4.15511e+09 2.48445e+27 2.30580e+18 2.49833e+33 
4.98670e+09 3.14630e+27 2.45078e+18 2.99796e+33 
6.65017e+09 4.56353e+27 2.69538e+18 3.99718e+33 
8.31425e+09 6.08514e+27 2.89919e+18 4.99652e+33 
9.97844e+09 7.69415e+27 3.07532e+18 5.99571e+33 
1.16432e+10 9.37865e+27 3.23122e+18 6.99507e+33 
1.33080e+10 1.11299e+28 3.37162e+18 7.99428e+33 
1.39741e+10 1.18476e+28 3.42419e+18 8.39403e+33 
1.66384e+10 1.48068e+28 3.61770e+18 9.99275e+33 
1.99698e+10 1.86836e+28 3.82972e+18 1.19913e+34 
2.49680e+10 2.48154e+28 4.10317e+18 1.49890e+34 
3.33007e+10 3.57249e+28 4.47913e+18 1.99848e+34 
4.16373e+10 4.73326e+28 4.78952e+18 2.49810e+34 
4.99762e+10 5.95142e+28 5.05568e+18 2.99769e+34 
6.66596e+10 8.52669e+28 5.49901e+18 3.99682e+34 
8.33514e+10 1.12515e+29 5.86294e+18 4.99601e+34 
1.00049e+11 1.40971e+29 6.17346e+18 5.99518e+34 
1.33458e+11 2.00752e+29 6.68749e+18 7.99340e+34 
1.66883e+11 2.63555e+29 7.10639e+18 9.99154e+34 
2.50503e+11 4.30042e+29 7.91172e+18 1.49869e+35 
3.34190e+11 6.06067e+29 8.51617e+18 1.99823e+35 
3.74372e+11 6.93044e+29 8.76140e+18 2.23797e+35 
4.17920e+11 7.88734e+29 9.00266e+18 2.49773e+35 
4.68180e+11 9.00784e+29 9.25527e+18 2.79744e+35 
5.01687e+11 9.76339e+29 9.41080e+18 2.99721e+35 
5.85495e+11 1.16732e+30 9.76207e+18 3.49671e+35 
6.69334e+11 1.35332e+30 1.00589e+19 3.99623e+35 
7.53205e+11 1.50107e+30 1.02671e+19 4.49579e+35 
8.37072e+11 1.60909e+30 1.04030e+19 4.99523e+35 
9.20964e+11 1.70048e+30 1.05069e+19 5.49476e+35 
1.00488e+12 1.78534e+30 1.05950e+19 5.99438e+35 
1.17269e+12 1.94850e+30 1.07449e+19 6.99335e+35 
1.34055e+12 2.11053e+30 1.08738e+19 7.99246e+35 
1.50839e+12 2.27489e+30 1.09891e+19 8.99132e+35 
1.67630e+12 2.44298e+30 1.10946e+19 9.99048e+35 
2.51596e+12 3.34989e+30 1.15306e+19 1.49853e+36 
3.35601e+12 4.36587e+30 1.18776e+19 1.99804e+36 
5.03690e+12 6.67576e+30 1.24315e+19 2.99701e+36 
1.35000e+14 4.20000e+32 1.99744e+19 7.98131e+37 
2.70000e+14 2.44000e+33 2.95002e+19 1.58981e+38 
3.40000e+14 5.02000e+33 3.77972e+19 1.99610e+38 
5.15000e+14 1.88000e+34 6.86657e+19 2.99095e+38 
6.98000e+14 4.62000e+34 1.11193e+20 3.98913e+38 
8.92000e+14 8.92000e+34 1.60640e+20 4.99402e+38 
1.09700e+15 1.47000e+35 2.12070e+20 5.99763e+38 
1.31300e+15 2.18700e+35 2.63078e+20 6.99635e+38 
1.54200e+15 3.03600e+35 3.12589e+20 7.99752e+38 
1.78500e+15 4.01400e+35 3.60242e+20 9.00401e+38 
2.03900e+15 5.11900e+35 4.05969e+20 1.00028e+39 
2.30700e+15 6.35000e+35 4.49818e+20 1.10054e+39 
2.58800e+15 7.70400e+35 4.91795e+20 1.20077e+39 
2.88200e+15 9.18000e+35 5.32007e+20 1.30095e+39 
3.18800e+15 1.07780e+36 5.70593e+20 1.40075e+39 
3.50700e+15 1.24960e+36 6.07632e+20 1.50050e+39 
