106
7.80000e+00 1.01000e+08 9.999999999999999e-01 4.698795180722963e+24 
7.86000e+00 1.01000e+09 1.157946629165271e+08 4.734939759036206e+24 
7.90000e+00 1.01000e+10 1.269452049889617e+09 4.759036144578365e+24 
8.15000e+00 1.01000e+11 1.267708525005904e+10 4.909638554215316e+24 
1.16000e+01 1.21000e+12 1.211370595001570e+11 6.987951807098079e+24 
1.64000e+01 1.40000e+13 1.017364459510020e+12 9.879518070489627e+24 
4.51000e+01 1.70000e+14 6.076705858546505e+12 2.716867462904717e+25 
2.12000e+02 5.82000e+15 4.872391666228190e+13 1.277108403509260e+26 
1.15000e+03 1.90000e+17 3.206724388443829e+14 6.927709645107653e+26 
1.04400e+04 9.74400e+18 2.085685492471224e+15 6.289148562773218e+27 
2.62200e+04 4.96800e+19 4.300724422191754e+15 1.579513843886337e+28 
6.58700e+04 2.43100e+20 8.585327648829744e+15 3.968050678600092e+28 
1.65400e+05 1.15100e+21 1.661134940720571e+16 9.963748412026369e+28 
4.15600e+05 5.26600e+21 3.113184640061170e+16 2.503563032260493e+29 
1.04400e+06 2.31800e+22 5.637078790981927e+16 6.288917536033615e+29 
2.62200e+06 9.75500e+22 9.823793805717531e+16 1.579410811175657e+30 
6.58800e+06 3.91100e+23 1.651370194795213e+17 3.968207657501464e+30 
8.29300e+06 5.25900e+23 1.833070571997649e+17 4.995116737146280e+30 
1.65500e+07 1.43500e+24 2.575234491624688e+17 9.967984786523833e+30 
3.30200e+07 3.83300e+24 3.565410570989032e+17 1.988624486798305e+31 
6.58900e+07 1.00600e+25 4.855034980298012e+17 3.967807430452848e+31 
1.31500e+08 2.60400e+25 6.514242938968799e+17 7.917691252477067e+31 
2.62400e+08 6.67600e+25 8.653913888434744e+17 1.579648623501438e+32 
3.30400e+08 8.73800e+25 9.351655346191676e+17 1.988876601729065e+32 
5.23700e+08 1.62900e+26 1.113042994757875e+18 3.152005201192790e+32 
8.30100e+08 3.02900e+26 1.322173064112293e+18 4.995278618886922e+32 
1.04500e+09 4.12900e+26 1.440858468193046e+18 6.287859671738030e+32 
1.31600e+09 5.03600e+26 1.518045195992585e+18 7.917701609925473e+32 
1.65700e+09 6.86000e+26 1.639959591333865e+18 9.968319960974977e+32 
2.62600e+09 1.27200e+27 1.916631722358268e+18 1.579408549261824e+33 
4.16400e+09 2.35600e+27 2.239467730242734e+18 2.503766369988910e+33 
6.60100e+09 4.36200e+27 2.618527574834692e+18 3.967852532159499e+33 
8.31200e+09 5.66200e+27 2.793223929933409e+18 4.995474501169262e+33 
1.04600e+10 7.70200e+27 3.010604624512381e+18 6.285277839335023e+33 
1.31800e+10 1.04800e+28 3.246131592932513e+18 7.918132988545549e+33 
1.65900e+10 1.42500e+28 3.499915759412669e+18 9.964647468199778e+33 
2.09000e+10 1.93800e+28 3.774741039964615e+18 1.255052865954260e+34 
2.63100e+10 2.50300e+28 4.014780243979233e+18 1.579545761903117e+34 
3.31300e+10 3.40400e+28 4.317831769111732e+18 1.988488582829622e+34 
4.17200e+10 4.62800e+28 4.646291657833337e+18 2.503379802456141e+34 
5.25400e+10 5.94900e+28 4.927359831861331e+18 3.151721149776659e+34 
6.61700e+10 8.08900e+28 5.287586143428076e+18 3.968152029775674e+34 
8.33200e+10 1.10000e+29 5.677648055946177e+18 4.994995648250437e+34 
1.00000e+11 1.40200e+29 6.007356713716295e+18 5.993299677320362e+34 
2.00000e+11 3.13400e+29 7.206489119291418e+18 1.197281155119159e+35 
4.00000e+11 7.15700e+29 8.672721080167037e+18 2.391249147427730e+35 
8.00000e+11 1.03600e+30 9.228502857296112e+18 4.776918578785660e+35 
1.00000e+12 1.25700e+30 9.473901582289607e+18 5.969266034119264e+35 
2.00000e+12 2.12200e+30 1.008175158080447e+19 1.192786232427879e+36 
4.00000e+12 3.78000e+30 1.065412306445218e+19 2.383746357885823e+36 
8.00000e+12 8.52700e+30 1.145481639219536e+19 4.763887232298392e+36 
1.00000e+13 1.16200e+31 1.179848427594795e+19 5.953218339528781e+36 
2.00000e+13 3.26200e+31 1.321734304704285e+19 1.189385025575919e+37 
4.00000e+13 9.40700e+31 1.529633944877079e+19 2.375173632042301e+37 
8.00000e+13 2.74600e+32 1.834132339689091e+19 4.739958410935427e+37 
1.00000e+14 3.92900e+32 1.965461779802715e+19 5.919552491616183e+37 
1.56696e+14 7.16173e+32 2.217968027659162e+19 9.256251324171099e+37 
1.92884e+14 1.14748e+33 2.461930957273173e+19 1.138038227712019e+38 
2.13028e+14 1.45702e+33 2.613273646222715e+19 1.256010554720096e+38 
2.34420e+14 1.84891e+33 2.786913487384021e+19 1.381065594959827e+38 
2.57416e+14 2.34559e+33 2.986876473187537e+19 1.515218519595714e+38 
2.81661e+14 2.96563e+33 3.214324944391891e+19 1.656321747068776e+38 
2.99131e+14 3.46551e+33 3.384266658750937e+19 1.757771364839273e+38 
3.26762e+14 4.90907e+33 3.836844351552958e+19 1.917708977783563e+38 
3.54571e+14 6.76119e+33 4.369850240396252e+19 2.077768478481007e+38 
3.82559e+14 9.09556e+33 4.987913041975080e+19 2.237831071497919e+38 
4.10547e+14 1.19859e+34 5.695392123839854e+19 2.396717676962435e+38 
4.39070e+14 1.55155e+34 6.496942053113874e+19 2.557288439736107e+38 
4.67592e+14 1.97709e+34 7.396269821762293e+19 2.716341959741824e+38 
4.96650e+14 2.48498e+34 8.397765505963752e+19 2.876680001279254e+38 
5.25885e+14 3.08419e+34 9.502466422453856e+19 3.036116079432948e+38 
5.55656e+14 3.78755e+34 1.071695379111605e+20 3.196393746002777e+38 
5.85783e+14 4.60305e+34 1.203754172288190e+20 3.356317292386383e+38 
6.16266e+14 5.54513e+34 1.347018837319200e+20 3.515670226266276e+38 
6.47463e+14 6.62500e+34 1.501363444478271e+20 3.676077563694050e+38 
6.79016e+14 7.85387e+34 1.666567354336711e+20 3.835456787706439e+38 
7.11282e+14 9.24776e+34 1.842936220795096e+20 3.995369013612012e+38 
7.44083e+14 1.08179e+35 2.030008241405508e+20 4.154677943527463e+38 
7.77775e+14 1.25819e+35 2.227967361312705e+20 4.314845507184616e+38 
8.12181e+14 1.45510e+35 2.436140032547060e+20 4.474753627104509e+38 
8.47299e+14 1.67427e+35 2.654487454197569e+20 4.634141115166174e+38 
8.83487e+14 1.91620e+35 2.881776077439460e+20 4.794291554027956e+38 
9.20388e+14 2.11487e+35 3.058245527118872e+20 4.954009060624602e+38 
9.58002e+14 2.32636e+35 3.236545991713089e+20 5.113653816018737e+38 
9.96508e+14 2.55227e+35 3.417487845278540e+20 5.273849978404323e+38 
1.03573e+15 2.79099e+35 3.599268705095760e+20 5.433765117183395e+38 
1.07566e+15 3.04414e+35 3.782688024949690e+20 5.593293217013301e+38 
1.11648e+15 3.31330e+35 3.968369236360018e+20 5.753061225447817e+38 
1.15820e+15 3.59689e+35 4.154746746712549e+20 5.913006102883436e+38 
1.20080e+15 3.89649e+35 4.342443689944332e+20 6.072961313501310e+38 
1.24430e+15 4.21212e+35 4.531052576879338e+20 6.232912231760679e+38 
1.28869e+15 4.54537e+35 4.721101749883041e+20 6.392732801420752e+38 
1.33397e+15 4.89465e+35 4.911312305398830e+20 6.552344232717033e+38 
1.38032e+15 5.26155e+35 5.102213743810634e+20 6.712300007719878e+38 
1.42756e+15 5.64607e+35 5.293466940122634e+20 6.871897991214596e+38 
1.47587e+15 6.04982e+35 5.485533257054159e+20 7.031666511996692e+38 
1.52525e+15 6.47119e+35 5.677379744737022e+20 7.191488995512063e+38 
1.57552e+15 6.83649e+35 5.836885480863836e+20 7.351059186075540e+38 
1.62686e+15 7.21460e+35 5.995578669306863e+20 7.511182785235145e+38 
1.67891e+15 7.60553e+35 6.153394707537725e+20 7.670687440930867e+38 
1.73203e+15 8.00768e+35 6.309642905842036e+20 7.830649656366615e+38 
1.78623e+15 8.42104e+35 6.464294817704576e+20 7.991066836364765e+38 
1.84149e+15 8.84882e+35 6.618482521520017e+20 8.151837733211161e+38 
1.89675e+15 9.28942e+35 6.771578135296885e+20 8.309881681121313e+38 
1.95380e+15 9.74284e+35 6.923537428844205e+20 8.470299407988767e+38 
2.01084e+15 1.02091e+36 7.074324309685003e+20 8.628017014351928e+38 
