122
7.80000e+00 1.01000e+08 9.999999999999999e-01 4.698795180722963e+24 
7.86000e+00 1.01000e+09 1.157946629165271e+08 4.734939759036206e+24 
7.90000e+00 1.01000e+10 1.269452049889617e+09 4.759036144578365e+24 
8.15000e+00 1.01000e+11 1.267708525005904e+10 4.909638554215316e+24 
1.16000e+01 1.21000e+12 1.211370595001570e+11 6.987951807098079e+24 
1.64000e+01 1.40000e+13 1.017364459510020e+12 9.879518070489627e+24 
4.51000e+01 1.70000e+14 6.076705858546505e+12 2.716867462904717e+25 
2.12000e+02 5.82000e+15 4.872391666228190e+13 1.277108403509260e+26 
1.15000e+03 1.90000e+17 3.206724388443829e+14 6.927709645107653e+26 
1.04400e+04 9.74400e+18 2.085685492471224e+15 6.289148562773218e+27 
2.62200e+04 4.96800e+19 4.300724422191754e+15 1.579513843886337e+28 
6.58700e+04 2.43100e+20 8.585327648829744e+15 3.968050678600092e+28 
1.65400e+05 1.15100e+21 1.661134940720571e+16 9.963748412026369e+28 
4.15600e+05 5.26600e+21 3.113184640061170e+16 2.503563032260493e+29 
1.04400e+06 2.31800e+22 5.637078790981927e+16 6.288917536033615e+29 
2.62200e+06 9.75500e+22 9.823793805717531e+16 1.579410811175657e+30 
6.58800e+06 3.91100e+23 1.651370194795213e+17 3.968207657501464e+30 
8.29300e+06 5.25900e+23 1.833070571997649e+17 4.995116737146280e+30 
1.65500e+07 1.43500e+24 2.575234491624688e+17 9.967984786523833e+30 
3.30200e+07 3.83300e+24 3.565410570989032e+17 1.988624486798305e+31 
6.58900e+07 1.00600e+25 4.855034980298012e+17 3.967807430452848e+31 
1.31500e+08 2.60400e+25 6.514242938968799e+17 7.917691252477067e+31 
2.62400e+08 6.67600e+25 8.653913888434744e+17 1.579648623501438e+32 
3.30400e+08 8.73800e+25 9.351655346191676e+17 1.988876601729065e+32 
5.23700e+08 1.62900e+26 1.113042994757875e+18 3.152005201192790e+32 
8.30100e+08 3.02900e+26 1.322173064112293e+18 4.995278618886922e+32 
1.04500e+09 4.12900e+26 1.440858468193046e+18 6.287859671738030e+32 
1.31600e+09 5.03600e+26 1.518045195992585e+18 7.917701609925473e+32 
1.65700e+09 6.86000e+26 1.639959591333865e+18 9.968319960974977e+32 
2.62600e+09 1.27200e+27 1.916631722358268e+18 1.579408549261824e+33 
4.16400e+09 2.35600e+27 2.239467730242734e+18 2.503766369988910e+33 
6.60100e+09 4.36200e+27 2.618527574834692e+18 3.967852532159499e+33 
8.31200e+09 5.66200e+27 2.793223929933409e+18 4.995474501169262e+33 
1.04600e+10 7.70200e+27 3.010604624512381e+18 6.285277839335023e+33 
1.31800e+10 1.04800e+28 3.246131592932513e+18 7.918132988545549e+33 
1.65900e+10 1.42500e+28 3.499915759412669e+18 9.964647468199778e+33 
2.09000e+10 1.93800e+28 3.774741039964615e+18 1.255052865954260e+34 
2.63100e+10 2.50300e+28 4.014780243979233e+18 1.579545761903117e+34 
3.31300e+10 3.40400e+28 4.317831769111732e+18 1.988488582829622e+34 
4.17200e+10 4.62800e+28 4.646291657833337e+18 2.503379802456141e+34 
5.25400e+10 5.94900e+28 4.927359831861331e+18 3.151721149776659e+34 
6.61700e+10 8.08900e+28 5.287586143428076e+18 3.968152029775674e+34 
8.33200e+10 1.10000e+29 5.677648055946177e+18 4.994995648250437e+34 
1.00000e+11 1.40200e+29 6.007356713716295e+18 5.993299677320362e+34 
2.00000e+11 3.13400e+29 7.206489119291418e+18 1.197281155119159e+35 
4.00000e+11 7.15700e+29 8.672721080167037e+18 2.391249147427730e+35 
8.00000e+11 1.03600e+30 9.228502857296112e+18 4.776918578785660e+35 
1.00000e+12 1.25700e+30 9.473901582289607e+18 5.969266034119264e+35 
2.00000e+12 2.12200e+30 1.008175158080447e+19 1.192786232427879e+36 
4.00000e+12 3.78000e+30 1.065412306445218e+19 2.383746357885823e+36 
8.00000e+12 8.52700e+30 1.145481639219536e+19 4.763887232298392e+36 
1.00000e+13 1.16200e+31 1.179848427594795e+19 5.953218339528781e+36 
2.00000e+13 3.26200e+31 1.321734304704285e+19 1.189385025575919e+37 
4.00000e+13 9.40700e+31 1.529633944877079e+19 2.375173632042301e+37 
8.00000e+13 2.74600e+32 1.834132339689091e+19 4.739958410935427e+37 
1.00000e+14 3.92900e+32 1.965461779802715e+19 5.919552491616183e+37 
1.56696e+14 7.16173e+32 2.217968027659162e+19 9.256251324171099e+37 
1.92884e+14 1.14748e+33 2.461930957273173e+19 1.138038227712019e+38 
2.13028e+14 1.45702e+33 2.613273646222715e+19 1.256010554720096e+38 
2.34420e+14 1.84891e+33 2.786913487384021e+19 1.381065594959827e+38 
2.57416e+14 2.34559e+33 2.986876473187537e+19 1.515218519595714e+38 
2.81661e+14 2.96563e+33 3.214324944391891e+19 1.656321747068776e+38 
2.99131e+14 3.46551e+33 3.384755034698226e+19 1.757761813284596e+38 
3.26762e+14 3.94937e+33 3.537608124667382e+19 1.917920223142070e+38 
3.54393e+14 4.45405e+33 3.683829336175928e+19 2.077816503052248e+38 
3.82024e+14 4.97636e+33 3.823723466469415e+19 2.237458603927944e+38 
4.09656e+14 5.51950e+33 3.958971532665002e+19 2.396862348394542e+38 
4.37465e+14 6.08026e+33 4.089403415362652e+19 2.557050286845996e+38 
4.65275e+14 6.66025e+33 4.215933263675722e+19 2.717015264458281e+38 
4.93084e+14 7.25626e+33 4.338356311598950e+19 2.876753110619983e+38 
5.20894e+14 7.86829e+33 4.457121147314359e+19 3.036282542094792e+38 
5.48882e+14 8.49794e+33 4.572881018622837e+19 3.196623796428681e+38 
5.76691e+14 9.14362e+33 4.685656070502827e+19 3.355737171676290e+38 
6.04679e+14 9.80372e+33 4.795460987769816e+19 3.515676524030492e+38 
6.32667e+14 1.04798e+34 4.902791858352475e+19 3.675422895999686e+38 
6.60654e+14 1.11704e+34 5.007643635068959e+19 3.834975074271967e+38 
6.88821e+14 1.18769e+34 5.110379345583854e+19 3.995369320050367e+38 
7.16987e+14 1.50268e+34 5.544528722877846e+19 4.155489327839047e+38 
7.45153e+14 1.88416e+34 6.053016549417211e+19 4.314572985951600e+38 
7.73675e+14 2.34398e+34 6.640100642009985e+19 4.474689337299985e+38 
8.02376e+14 2.89353e+34 7.312380316359533e+19 4.634686987467397e+38 
8.31255e+14 3.54562e+34 8.076942164542358e+19 4.794395982885606e+38 
8.60491e+14 4.31626e+34 8.942969034468993e+19 4.954620705128426e+38 
8.89905e+14 5.22310e+34 9.919646519784512e+19 5.114177953815585e+38 
9.19675e+14 6.28213e+34 1.101255947500981e+20 5.273818238718894e+38 
9.49802e+14 7.51421e+34 1.223042551049203e+20 5.433310227464402e+38 
9.80464e+14 8.94175e+34 1.358119230108836e+20 5.593331878626978e+38 
1.01166e+15 1.05888e+35 1.507192433983759e+20 5.753588691343889e+38 
1.04321e+15 1.24810e+35 1.670892881449335e+20 5.912868393563280e+38 
1.07548e+15 1.46455e+35 1.849727713831936e+20 6.072707363998471e+38 
1.10846e+15 1.71112e+35 2.044076723661913e+20 6.232707493910188e+38 
1.14215e+15 1.99151e+35 2.255049190485037e+20 6.392254103923873e+38 
1.17638e+15 2.14531e+35 2.365776745023806e+20 6.551695892567381e+38 
1.21114e+15 2.30553e+35 2.476939380972867e+20 6.711640375992314e+38 
1.24644e+15 2.47536e+35 2.590560216211843e+20 6.872051543062336e+38 
1.28191e+15 2.65160e+35 2.704312871005348e+20 7.031208149997568e+38 
1.31810e+15 2.83585e+35 2.819095002853678e+20 7.191544293121034e+38 
1.35464e+15 3.02972e+35 2.935699689102492e+20 7.351361284744259e+38 
1.39155e+15 3.23159e+35 3.052974165732921e+20 7.510708632913806e+38 
1.42916e+15 3.44308e+35 3.171682361866195e+20 7.670960098375433e+38 
1.46713e+15 3.66258e+35 3.290758896115224e+20 7.830618909380367e+38 
1.50564e+15 3.89008e+35 3.410089246468215e+20 7.990415624642817e+38 
1.54468e+15 4.12881e+35 3.531199115548635e+20 8.150259325197707e+38 
1.58425e+15 4.37715e+35 3.653080112510754e+20 8.310096360437231e+38 
1.62436e+15 4.63349e+35 3.774828938335494e+20 8.469933853012392e+38 
1.66501e+15 4.90106e+35 3.897848963782170e+20 8.629732703621475e+38 
1.70619e+15 5.17823e+35 4.021242644598988e+20 8.789410763173814e+38 
1.74808e+15 5.46663e+35 4.145593762016239e+20 8.949619497290687e+38 
1.78979e+15 5.76463e+35 4.270090050255293e+20 9.106945829694299e+38 
1.83258e+15 6.07385e+35 4.395297351603836e+20 9.266118772664912e+38 
1.87536e+15 6.39268e+35 4.520457890621295e+20 9.423052338832842e+38 
1.91993e+15 6.72434e+35 4.646697545658494e+20 9.584281529746427e+38 
1.96449e+15 7.06720e+35 4.773247153658591e+20 9.743222477016221e+38 
2.01084e+15 7.41968e+35 4.899428914294159e+20 9.906240198215719e+38 
2.05719e+15 7.78337e+35 5.025722943720019e+20 1.006698844617843e+39 
2.10354e+15 8.15989e+35 5.152615176975959e+20 1.022548867558764e+39 
2.14989e+15 8.54921e+35 5.280005929714711e+20 1.038175833874529e+39 
2.19802e+15 8.94976e+35 5.407277280458937e+20 1.054174312116980e+39 
2.24794e+15 9.36312e+35 5.534795139648426e+20 1.070534600324091e+39 
2.29785e+15 9.78930e+35 5.662459407917640e+20 1.086661422430371e+39 
2.34777e+15 1.02283e+36 5.790212758249667e+20 1.102563789876248e+39 
2.39768e+15 1.06785e+36 5.917543079128999e+20 1.118238914654850e+39 
