85
7.80000e+00 1.01000e+08 9.999999999999999e-01 4.698795180722963e+24 
7.86000e+00 1.01000e+09 1.157946629165271e+08 4.734939759036206e+24 
7.90000e+00 1.01000e+10 1.269452049889617e+09 4.759036144578365e+24 
8.15000e+00 1.01000e+11 1.267708525005904e+10 4.909638554215316e+24 
1.16000e+01 1.21000e+12 1.211370595001570e+11 6.987951807098079e+24 
1.64000e+01 1.40000e+13 1.017364459510020e+12 9.879518070489627e+24 
4.51000e+01 1.70000e+14 6.076705858546505e+12 2.716867462904717e+25 
2.12000e+02 5.82000e+15 4.872391666228190e+13 1.277108403509260e+26 
1.15000e+03 1.90000e+17 3.206724388443829e+14 6.927709645107653e+26 
1.04400e+04 9.74400e+18 2.085685492471224e+15 6.289148562773218e+27 
2.62200e+04 4.96800e+19 4.300724422191754e+15 1.579513843886337e+28 
6.58700e+04 2.43100e+20 8.585327648829744e+15 3.968050678600092e+28 
1.65400e+05 1.15100e+21 1.661134940720571e+16 9.963748412026369e+28 
4.15600e+05 5.26600e+21 3.113184640061170e+16 2.503563032260493e+29 
1.04400e+06 2.31800e+22 5.637078790981927e+16 6.288917536033615e+29 
2.62200e+06 9.75500e+22 9.823793805717531e+16 1.579410811175657e+30 
6.58800e+06 3.91100e+23 1.651370194795213e+17 3.968207657501464e+30 
8.29300e+06 5.25900e+23 1.833070571997649e+17 4.995116737146280e+30 
1.65500e+07 1.43500e+24 2.575234491624688e+17 9.967984786523833e+30 
3.30200e+07 3.83300e+24 3.565410570989032e+17 1.988624486798305e+31 
6.58900e+07 1.00600e+25 4.855034980298012e+17 3.967807430452848e+31 
1.31500e+08 2.60400e+25 6.514242938968799e+17 7.917691252477067e+31 
2.62400e+08 6.67600e+25 8.653913888434744e+17 1.579648623501438e+32 
3.30400e+08 8.73800e+25 9.351655346191676e+17 1.988876601729065e+32 
5.23700e+08 1.62900e+26 1.113042994757875e+18 3.152005201192790e+32 
8.30100e+08 3.02900e+26 1.322173064112293e+18 4.995278618886922e+32 
1.04500e+09 4.12900e+26 1.440858468193046e+18 6.287859671738030e+32 
1.31600e+09 5.03600e+26 1.518045195992585e+18 7.917701609925473e+32 
1.65700e+09 6.86000e+26 1.639959591333865e+18 9.968319960974977e+32 
2.62600e+09 1.27200e+27 1.916631722358268e+18 1.579408549261824e+33 
4.16400e+09 2.35600e+27 2.239467730242734e+18 2.503766369988910e+33 
6.60100e+09 4.36200e+27 2.618527574834692e+18 3.967852532159499e+33 
8.31200e+09 5.66200e+27 2.793223929933409e+18 4.995474501169262e+33 
1.04600e+10 7.70200e+27 3.010604624512381e+18 6.285277839335023e+33 
1.31800e+10 1.04800e+28 3.246131592932513e+18 7.918132988545549e+33 
1.65900e+10 1.42500e+28 3.499915759412669e+18 9.964647468199778e+33 
2.09000e+10 1.93800e+28 3.774741039964615e+18 1.255052865954260e+34 
2.63100e+10 2.50300e+28 4.014780243979233e+18 1.579545761903117e+34 
3.31300e+10 3.40400e+28 4.317831769111732e+18 1.988488582829622e+34 
4.17200e+10 4.62800e+28 4.646291657833337e+18 2.503379802456141e+34 
5.25400e+10 5.94900e+28 4.927359831861331e+18 3.151721149776659e+34 
6.61700e+10 8.08900e+28 5.287586143428076e+18 3.968152029775674e+34 
8.33200e+10 1.10000e+29 5.677648055946177e+18 4.994995648250437e+34 
1.00000e+11 1.40200e+29 6.007356713716295e+18 5.993299677320362e+34 
2.00000e+11 3.13400e+29 7.206489119291418e+18 1.197281155119159e+35 
4.00000e+11 7.15700e+29 8.672721080167037e+18 2.391249147427730e+35 
8.00000e+11 1.03600e+30 9.228502857296112e+18 4.776918578785660e+35 
1.00000e+12 1.25700e+30 9.473901582289607e+18 5.969266034119264e+35 
2.00000e+12 2.12200e+30 1.008175158080447e+19 1.192786232427879e+36 
4.00000e+12 3.78000e+30 1.065412306445218e+19 2.383746357885823e+36 
8.00000e+12 8.52700e+30 1.145481639219536e+19 4.763887232298392e+36 
1.00000e+13 1.16200e+31 1.179848427594795e+19 5.953218339528781e+36 
2.00000e+13 3.26200e+31 1.321734304704285e+19 1.189385025575919e+37 
4.00000e+13 9.40700e+31 1.529633944877079e+19 2.375173632042301e+37 
8.00000e+13 2.74600e+32 1.834132339689091e+19 4.739958410935427e+37 
1.00000e+14 3.92900e+32 1.965038303197823e+19 5.919580383504394e+37 
1.56856e+14 1.11511e+33 2.513516305485454e+19 9.261237761369082e+37 
1.93241e+14 1.84250e+33 2.924342376996918e+19 1.138789167327682e+38 
2.13385e+14 2.36001e+33 3.175868212259407e+19 1.256091129492768e+38 
2.35133e+14 3.01209e+33 3.462674632188083e+19 1.382355141240008e+38 
2.58129e+14 3.83241e+33 3.790078456407318e+19 1.515409624277933e+38 
2.82908e+14 4.85139e+33 4.159992030776730e+19 1.658225616525973e+38 
3.00379e+14 5.67491e+33 4.436625906569710e+19 1.758561164068579e+38 
3.28366e+14 8.39541e+33 5.276229179740773e+19 1.918388200574002e+38 
3.56711e+14 1.20356e+34 6.303699827103094e+19 2.078515310576686e+38 
3.85411e+14 1.67908e+34 7.531039005524174e+19 2.238629516450139e+38 
4.14469e+14 2.29111e+34 8.979546110011808e+19 2.398365483640874e+38 
4.44239e+14 3.26684e+34 1.109644103024840e+20 2.558847500629674e+38 
4.74723e+14 4.56140e+34 1.366846617746157e+20 2.718916428679484e+38 
5.06098e+14 6.24528e+34 1.672599418463232e+20 2.878586208589339e+38 
5.38720e+14 8.40982e+34 2.030940254126300e+20 3.038581319305131e+38 
5.72769e+14 1.11495e+35 2.444395372704154e+20 3.198139700718376e+38 
6.08066e+14 1.29071e+35 2.687231116997414e+20 3.357927419982021e+38 
6.44254e+14 1.48410e+35 2.935052761882843e+20 3.517375204606533e+38 
6.81690e+14 1.69510e+35 3.186345872643353e+20 3.677804652140774e+38 
7.20017e+14 1.92582e+35 3.442100349531602e+20 3.837485712668059e+38 
7.59414e+14 2.17736e+35 3.702019384831446e+20 3.996979094440398e+38 
8.00237e+14 2.44973e+35 3.964671343963469e+20 4.157509280154159e+38 
8.41951e+14 2.74293e+35 4.228882385736170e+20 4.316804709096107e+38 
8.85092e+14 3.05856e+35 4.495015049971161e+20 4.476758059019969e+38 
9.29658e+14 3.39822e+35 4.763246363060631e+20 4.637156462391348e+38 
9.75294e+14 3.76191e+35 5.032546053464037e+20 4.796565830719127e+38 
1.02253e+15 4.15124e+35 5.303140024938923e+20 4.956680131814526e+38 
1.07120e+15 4.56620e+35 5.574092004256285e+20 5.116759861041819e+38 
1.12129e+15 5.00840e+35 5.845622825439165e+20 5.276612678047677e+38 
